amber                                                                           
         3       179
OW      OW      
  2.513966E-02  0.000000E+00
  7.541899E-02  0.000000E+00
  1.256983E-01  0.000000E+00
  1.759777E-01  0.000000E+00
  2.262570E-01  0.000000E+00
  2.765363E-01  0.000000E+00
  3.268156E-01  0.000000E+00
  3.770950E-01  0.000000E+00
  4.273743E-01  0.000000E+00
  4.776536E-01  0.000000E+00
  5.279330E-01  0.000000E+00
  5.782123E-01  0.000000E+00
  6.284916E-01  0.000000E+00
  6.787709E-01  0.000000E+00
  7.290503E-01  0.000000E+00
  7.793296E-01  0.000000E+00
  8.296089E-01  0.000000E+00
  8.798883E-01  0.000000E+00
  9.301676E-01  0.000000E+00
  9.804469E-01  0.000000E+00
  1.030726E+00  0.000000E+00
  1.081006E+00  0.000000E+00
  1.131285E+00  0.000000E+00
  1.181564E+00  0.000000E+00
  1.231844E+00  0.000000E+00
  1.282123E+00  0.000000E+00
  1.332402E+00  0.000000E+00
  1.382682E+00  0.000000E+00
  1.432961E+00  0.000000E+00
  1.483240E+00  0.000000E+00
  1.533520E+00  0.000000E+00
  1.583799E+00  0.000000E+00
  1.634078E+00  0.000000E+00
  1.684358E+00  0.000000E+00
  1.734637E+00  0.000000E+00
  1.784916E+00  0.000000E+00
  1.835196E+00  0.000000E+00
  1.885475E+00  0.000000E+00
  1.935754E+00  0.000000E+00
  1.986034E+00  0.000000E+00
  2.036313E+00  0.000000E+00
  2.086592E+00  0.000000E+00
  2.136872E+00  0.000000E+00
  2.187151E+00  0.000000E+00
  2.237430E+00  0.000000E+00
  2.287709E+00  0.000000E+00
  2.337989E+00  0.000000E+00
  2.388268E+00  0.000000E+00
  2.438547E+00  0.000000E+00
  2.488827E+00  0.000000E+00
  2.539106E+00  5.672441E+00
  2.589385E+00  3.922899E+01
  2.639665E+00  1.186968E+02
  2.689944E+00  2.139259E+02
  2.740223E+00  2.338713E+02
  2.790503E+00  2.051985E+02
  2.840782E+00  1.427477E+02
  2.891061E+00  9.575451E+01
  2.941341E+00  4.804285E+01
  2.991620E+00  2.231710E+01
  3.041899E+00  1.056471E+01
  3.092179E+00  7.649572E+00
  3.142458E+00  4.344343E+00
  3.192737E+00  6.347387E+00
  3.243017E+00  5.750875E+00
  3.293296E+00  5.446931E+00
  3.343575E+00  5.661802E+00
  3.393855E+00  6.533289E+00
  3.444134E+00  6.521799E+00
  3.494413E+00  8.120927E+00
  3.544693E+00  8.787751E+00
  3.594972E+00  8.652499E+00
  3.645251E+00  1.000328E+01
  3.695531E+00  1.107186E+01
  3.745810E+00  1.182923E+01
  3.796089E+00  1.054186E+01
  3.846369E+00  1.340552E+01
  3.896648E+00  1.500718E+01
  3.946927E+00  1.530446E+01
  3.997207E+00  1.426161E+01
  4.047486E+00  1.554085E+01
  4.097765E+00  1.583196E+01
  4.148045E+00  1.684021E+01
  4.198324E+00  1.612007E+01
  4.248603E+00  1.601352E+01
  4.298883E+00  1.632615E+01
  4.349162E+00  1.576494E+01
  4.399441E+00  1.497063E+01
  4.449721E+00  1.474078E+01
  4.500000E+00  1.677491E+01
  4.550279E+00  1.576086E+01
  4.600559E+00  1.521888E+01
  4.650838E+00  1.687498E+01
  4.701117E+00  1.657960E+01
  4.751397E+00  1.498446E+01
  4.801676E+00  1.394020E+01
  4.851955E+00  1.398141E+01
  4.902235E+00  1.293519E+01
  4.952514E+00  1.178499E+01
  5.002793E+00  1.256092E+01
  5.053073E+00  1.082481E+01
  5.103352E+00  9.073342E+00
  5.153631E+00  9.241402E+00
  5.203911E+00  7.635313E+00
  5.254190E+00  7.362504E+00
  5.304469E+00  8.023437E+00
  5.354749E+00  6.941409E+00
  5.405028E+00  7.342490E+00
  5.455307E+00  6.853289E+00
  5.505587E+00  5.846997E+00
  5.555866E+00  5.194825E+00
  5.606145E+00  4.184587E+00
  5.656425E+00  3.846748E+00
  5.706704E+00  3.736071E+00
  5.756983E+00  3.416455E+00
  5.807263E+00  3.420115E+00
  5.857542E+00  3.074683E+00
  5.907821E+00  3.304678E+00
  5.958101E+00  2.694407E+00
  6.008380E+00  2.844318E+00
  6.058659E+00  2.299155E+00
  6.108939E+00  1.828017E+00
  6.159218E+00  1.724138E+00
  6.209497E+00  1.969931E+00
  6.259777E+00  1.328172E+00
  6.310056E+00  9.538226E-01
  6.360335E+00  8.344908E-01
  6.410615E+00  6.503162E-01
  6.460894E+00  6.233858E-01
  6.511173E+00  3.483704E-01
  6.561453E+00  1.960296E-01
  6.611732E+00  2.574127E-01
  6.662011E+00  1.584637E-01
  6.712291E+00  0.000000E+00
  6.762570E+00  0.000000E+00
  6.812849E+00  0.000000E+00
  6.863128E+00  0.000000E+00
  6.913408E+00  0.000000E+00
  6.963687E+00  0.000000E+00
  7.013966E+00  0.000000E+00
  7.064246E+00  0.000000E+00
  7.114525E+00  0.000000E+00
  7.164804E+00  0.000000E+00
  7.215084E+00  0.000000E+00
  7.265363E+00  0.000000E+00
  7.315642E+00  0.000000E+00
  7.365922E+00  0.000000E+00
  7.416201E+00  0.000000E+00
  7.466480E+00  0.000000E+00
  7.516760E+00  0.000000E+00
  7.567039E+00  0.000000E+00
  7.617318E+00  0.000000E+00
  7.667598E+00  0.000000E+00
  7.717877E+00  0.000000E+00
  7.768156E+00  0.000000E+00
  7.818436E+00  0.000000E+00
  7.868715E+00  0.000000E+00
  7.918994E+00  0.000000E+00
  7.969274E+00  0.000000E+00
  8.019553E+00  0.000000E+00
  8.069832E+00  0.000000E+00
  8.120112E+00  0.000000E+00
  8.170391E+00  0.000000E+00
  8.220670E+00  0.000000E+00
  8.270950E+00  0.000000E+00
  8.321229E+00  0.000000E+00
  8.371508E+00  0.000000E+00
  8.421788E+00  0.000000E+00
  8.472067E+00  0.000000E+00
  8.522346E+00  0.000000E+00
  8.572626E+00  0.000000E+00
  8.622905E+00  0.000000E+00
  8.673184E+00  0.000000E+00
  8.723464E+00  0.000000E+00
  8.773743E+00  0.000000E+00
  8.824022E+00  0.000000E+00
  8.874302E+00  0.000000E+00
  8.924581E+00  0.000000E+00
  8.974860E+00  0.000000E+00
OW      HW      
  2.513966E-02  0.000000E+00
  7.541899E-02  0.000000E+00
  1.256983E-01  0.000000E+00
  1.759777E-01  0.000000E+00
  2.262570E-01  0.000000E+00
  2.765363E-01  0.000000E+00
  3.268156E-01  0.000000E+00
  3.770950E-01  0.000000E+00
  4.273743E-01  0.000000E+00
  4.776536E-01  0.000000E+00
  5.279330E-01  0.000000E+00
  5.782123E-01  0.000000E+00
  6.284916E-01  0.000000E+00
  6.787709E-01  0.000000E+00
  7.290503E-01  0.000000E+00
  7.793296E-01  0.000000E+00
  8.296089E-01  0.000000E+00
  8.798883E-01  0.000000E+00
  9.301676E-01  0.000000E+00
  9.804469E-01  0.000000E+00
  1.030726E+00  0.000000E+00
  1.081006E+00  0.000000E+00
  1.131285E+00  0.000000E+00
  1.181564E+00  0.000000E+00
  1.231844E+00  0.000000E+00
  1.282123E+00  0.000000E+00
  1.332402E+00  0.000000E+00
  1.382682E+00  0.000000E+00
  1.432961E+00  0.000000E+00
  1.483240E+00  0.000000E+00
  1.533520E+00  0.000000E+00
  1.583799E+00  2.453093E+00
  1.634078E+00  1.652633E+01
  1.684358E+00  5.422378E+01
  1.734637E+00  1.061087E+02
  1.784916E+00  1.246069E+02
  1.835196E+00  1.153152E+02
  1.885475E+00  8.763530E+01
  1.935754E+00  6.259124E+01
  1.986034E+00  3.771001E+01
  2.036313E+00  1.933465E+01
  2.086592E+00  1.094349E+01
  2.136872E+00  6.622686E+00
  2.187151E+00  3.124100E+00
  2.237430E+00  2.177494E+00
  2.287709E+00  1.478142E+00
  2.337989E+00  1.415252E+00
  2.388268E+00  8.322698E-01
  2.438547E+00  1.064406E+00
  2.488827E+00  1.504369E+00
  2.539106E+00  1.609010E+00
  2.589385E+00  1.888026E+00
  2.639665E+00  3.255079E+00
  2.689944E+00  4.398068E+00
  2.740223E+00  8.616805E+00
  2.790503E+00  1.221527E+01
  2.840782E+00  1.895460E+01
  2.891061E+00  2.774609E+01
  2.941341E+00  4.029990E+01
  2.991620E+00  5.082248E+01
  3.041899E+00  5.725087E+01
  3.092179E+00  6.003811E+01
  3.142458E+00  5.601354E+01
  3.192737E+00  5.259017E+01
  3.243017E+00  4.898274E+01
  3.293296E+00  4.009006E+01
  3.343575E+00  3.930234E+01
  3.393855E+00  3.684897E+01
  3.444134E+00  3.552898E+01
  3.494413E+00  3.739370E+01
  3.544693E+00  3.634043E+01
  3.594972E+00  3.448756E+01
  3.645251E+00  3.012893E+01
  3.695531E+00  2.518205E+01
  3.745810E+00  2.091418E+01
  3.796089E+00  1.748435E+01
  3.846369E+00  1.441569E+01
  3.896648E+00  1.324708E+01
  3.946927E+00  1.282144E+01
  3.997207E+00  1.186267E+01
  4.047486E+00  1.247132E+01
  4.097765E+00  1.107819E+01
  4.148045E+00  1.095431E+01
  4.198324E+00  1.047405E+01
  4.248603E+00  1.005229E+01
  4.298883E+00  9.637755E+00
  4.349162E+00  9.630001E+00
  4.399441E+00  9.656418E+00
  4.449721E+00  1.030967E+01
  4.500000E+00  1.106171E+01
  4.550279E+00  1.075917E+01
  4.600559E+00  1.094064E+01
  4.650838E+00  1.112806E+01
  4.701117E+00  1.124135E+01
  4.751397E+00  1.117604E+01
  4.801676E+00  1.111098E+01
  4.851955E+00  9.918436E+00
  4.902235E+00  1.083542E+01
  4.952514E+00  1.056635E+01
  5.002793E+00  1.074843E+01
  5.053073E+00  1.037722E+01
  5.103352E+00  9.984727E+00
  5.153631E+00  9.142103E+00
  5.203911E+00  9.440260E+00
  5.254190E+00  9.801811E+00
  5.304469E+00  9.173213E+00
  5.354749E+00  8.272050E+00
  5.405028E+00  8.269329E+00
  5.455307E+00  7.633146E+00
  5.505587E+00  6.606875E+00
  5.555866E+00  6.391002E+00
  5.606145E+00  6.349607E+00
  5.656425E+00  5.934983E+00
  5.706704E+00  5.204585E+00
  5.756983E+00  4.663143E+00
  5.807263E+00  4.123950E+00
  5.857542E+00  3.669122E+00
  5.907821E+00  2.997383E+00
  5.958101E+00  2.838043E+00
  6.008380E+00  2.610538E+00
  6.058659E+00  2.682348E+00
  6.108939E+00  2.120123E+00
  6.159218E+00  1.900259E+00
  6.209497E+00  2.129532E+00
  6.259777E+00  1.983284E+00
  6.310056E+00  1.814912E+00
  6.360335E+00  1.673328E+00
  6.410615E+00  1.377644E+00
  6.460894E+00  1.280468E+00
  6.511173E+00  1.223444E+00
  6.561453E+00  1.494726E+00
  6.611732E+00  1.246843E+00
  6.662011E+00  1.192439E+00
  6.712291E+00  1.131715E+00
  6.762570E+00  1.064969E+00
  6.812849E+00  9.129355E-01
  6.863128E+00  6.756394E-01
  6.913408E+00  6.327392E-01
  6.963687E+00  5.656226E-01
  7.013966E+00  5.146546E-01
  7.064246E+00  5.320177E-01
  7.114525E+00  3.647357E-01
  7.164804E+00  2.500316E-01
  7.215084E+00  1.553660E-01
  7.265363E+00  1.598849E-01
  7.315642E+00  1.412682E-01
  7.365922E+00  1.134213E-01
  7.416201E+00  9.270772E-02
  7.466480E+00  8.200162E-02
  7.516760E+00  4.667785E-02
  7.567039E+00  6.141282E-03
  7.617318E+00  6.060476E-03
  7.667598E+00  0.000000E+00
  7.717877E+00  0.000000E+00
  7.768156E+00  0.000000E+00
  7.818436E+00  0.000000E+00
  7.868715E+00  0.000000E+00
  7.918994E+00  0.000000E+00
  7.969274E+00  0.000000E+00
  8.019553E+00  0.000000E+00
  8.069832E+00  0.000000E+00
  8.120112E+00  0.000000E+00
  8.170391E+00  0.000000E+00
  8.220670E+00  0.000000E+00
  8.270950E+00  0.000000E+00
  8.321229E+00  0.000000E+00
  8.371508E+00  0.000000E+00
  8.421788E+00  0.000000E+00
  8.472067E+00  0.000000E+00
  8.522346E+00  0.000000E+00
  8.572626E+00  0.000000E+00
  8.622905E+00  0.000000E+00
  8.673184E+00  0.000000E+00
  8.723464E+00  0.000000E+00
  8.773743E+00  0.000000E+00
  8.824022E+00  0.000000E+00
  8.874302E+00  0.000000E+00
  8.924581E+00  0.000000E+00
  8.974860E+00  0.000000E+00
HW      HW      
  2.513966E-02  0.000000E+00
  7.541899E-02  0.000000E+00
  1.256983E-01  0.000000E+00
  1.759777E-01  0.000000E+00
  2.262570E-01  0.000000E+00
  2.765363E-01  0.000000E+00
  3.268156E-01  0.000000E+00
  3.770950E-01  0.000000E+00
  4.273743E-01  0.000000E+00
  4.776536E-01  0.000000E+00
  5.279330E-01  0.000000E+00
  5.782123E-01  0.000000E+00
  6.284916E-01  0.000000E+00
  6.787709E-01  0.000000E+00
  7.290503E-01  0.000000E+00
  7.793296E-01  0.000000E+00
  8.296089E-01  0.000000E+00
  8.798883E-01  0.000000E+00
  9.301676E-01  0.000000E+00
  9.804469E-01  0.000000E+00
  1.030726E+00  0.000000E+00
  1.081006E+00  0.000000E+00
  1.131285E+00  0.000000E+00
  1.181564E+00  0.000000E+00
  1.231844E+00  0.000000E+00
  1.282123E+00  0.000000E+00
  1.332402E+00  0.000000E+00
  1.382682E+00  0.000000E+00
  1.432961E+00  0.000000E+00
  1.483240E+00  0.000000E+00
  1.533520E+00  0.000000E+00
  1.583799E+00  0.000000E+00
  1.634078E+00  0.000000E+00
  1.684358E+00  0.000000E+00
  1.734637E+00  2.337195E-01
  1.784916E+00  8.277696E-01
  1.835196E+00  2.192502E+00
  1.885475E+00  4.104814E+00
  1.935754E+00  8.117155E+00
  1.986034E+00  1.497702E+01
  2.036313E+00  2.365951E+01
  2.086592E+00  2.992296E+01
  2.136872E+00  4.220037E+01
  2.187151E+00  4.675123E+01
  2.237430E+00  5.183841E+01
  2.287709E+00  5.606860E+01
  2.337989E+00  5.455152E+01
  2.388268E+00  5.314197E+01
  2.438547E+00  5.348639E+01
  2.488827E+00  5.066601E+01
  2.539106E+00  5.187011E+01
  2.589385E+00  5.459542E+01
  2.639665E+00  5.081961E+01
  2.689944E+00  4.492833E+01
  2.740223E+00  3.460771E+01
  2.790503E+00  2.707230E+01
  2.840782E+00  2.024003E+01
  2.891061E+00  1.504053E+01
  2.941341E+00  1.101490E+01
  2.991620E+00  9.115436E+00
  3.041899E+00  8.056545E+00
  3.092179E+00  7.833456E+00
  3.142458E+00  8.350398E+00
  3.192737E+00  9.900545E+00
  3.243017E+00  1.041510E+01
  3.293296E+00  1.170442E+01
  3.343575E+00  1.387141E+01
  3.393855E+00  1.642481E+01
  3.444134E+00  1.998042E+01
  3.494413E+00  2.364284E+01
  3.544693E+00  2.671308E+01
  3.594972E+00  3.047421E+01
  3.645251E+00  3.325165E+01
  3.695531E+00  3.550721E+01
  3.745810E+00  3.646511E+01
  3.796089E+00  3.488330E+01
  3.846369E+00  3.265813E+01
  3.896648E+00  2.904168E+01
  3.946927E+00  2.638778E+01
  3.997207E+00  2.292202E+01
  4.047486E+00  2.077838E+01
  4.097765E+00  1.832403E+01
  4.148045E+00  1.605338E+01
  4.198324E+00  1.492303E+01
  4.248603E+00  1.403619E+01
  4.298883E+00  1.299622E+01
  4.349162E+00  1.292986E+01
  4.399441E+00  1.233623E+01
  4.449721E+00  1.226327E+01
  4.500000E+00  1.112249E+01
  4.550279E+00  1.008831E+01
  4.600559E+00  1.021791E+01
  4.650838E+00  9.786838E+00
  4.701117E+00  9.936620E+00
  4.751397E+00  9.252357E+00
  4.801676E+00  8.746943E+00
  4.851955E+00  8.753318E+00
  4.902235E+00  8.201555E+00
  4.952514E+00  7.935514E+00
  5.002793E+00  7.657382E+00
  5.053073E+00  7.526413E+00
  5.103352E+00  7.230319E+00
  5.153631E+00  7.401065E+00
  5.203911E+00  6.875677E+00
  5.254190E+00  6.833881E+00
  5.304469E+00  6.479988E+00
  5.354749E+00  7.156029E+00
  5.405028E+00  7.053605E+00
  5.455307E+00  6.522441E+00
  5.505587E+00  6.601074E+00
  5.555866E+00  6.151767E+00
  5.606145E+00  6.276880E+00
  5.656425E+00  5.819580E+00
  5.706704E+00  5.722884E+00
  5.756983E+00  5.809035E+00
  5.807263E+00  5.364785E+00
  5.857542E+00  4.868248E+00
  5.907821E+00  4.659797E+00
  5.958101E+00  4.383365E+00
  6.008380E+00  3.940159E+00
  6.058659E+00  4.195958E+00
  6.108939E+00  4.221401E+00
  6.159218E+00  3.610493E+00
  6.209497E+00  3.337939E+00
  6.259777E+00  3.185818E+00
  6.310056E+00  3.007191E+00
  6.360335E+00  2.520857E+00
  6.410615E+00  2.169147E+00
  6.460894E+00  2.080761E+00
  6.511173E+00  1.878712E+00
  6.561453E+00  1.723427E+00
  6.611732E+00  1.596763E+00
  6.662011E+00  1.509367E+00
  6.712291E+00  1.014641E+00
  6.762570E+00  9.842309E-01
  6.812849E+00  7.992921E-01
  6.863128E+00  7.614941E-01
  6.913408E+00  7.247071E-01
  6.963687E+00  7.360346E-01
  7.013966E+00  6.183003E-01
  7.064246E+00  6.271467E-01
  7.114525E+00  5.002089E-01
  7.164804E+00  4.966382E-01
  7.215084E+00  4.424552E-01
  7.265363E+00  4.729928E-01
  7.315642E+00  3.778103E-01
  7.365922E+00  3.726701E-01
  7.416201E+00  4.539482E-01
  7.466480E+00  4.920097E-01
  7.516760E+00  4.201007E-01
  7.567039E+00  3.500531E-01
  7.617318E+00  2.999936E-01
  7.667598E+00  2.900909E-01
  7.717877E+00  1.771073E-01
  7.768156E+00  1.544262E-01
  7.818436E+00  1.754572E-01
  7.868715E+00  9.938973E-02
  7.918994E+00  1.317768E-01
  7.969274E+00  1.273507E-01
  8.019553E+00  1.066217E-01
  8.069832E+00  5.669848E-02
  8.120112E+00  6.933149E-02
  8.170391E+00  3.687428E-02
  8.220670E+00  3.902636E-02
  8.270950E+00  3.598309E-02
  8.321229E+00  3.047106E-02
  8.371508E+00  1.505307E-02
  8.421788E+00  1.487387E-02
  8.472067E+00  4.899283E-03
  8.522346E+00  0.000000E+00
  8.572626E+00  0.000000E+00
  8.622905E+00  0.000000E+00
  8.673184E+00  0.000000E+00
  8.723464E+00  0.000000E+00
  8.773743E+00  0.000000E+00
  8.824022E+00  0.000000E+00
  8.874302E+00  0.000000E+00
  8.924581E+00  0.000000E+00
  8.974860E+00  0.000000E+00
