amber                                                                           
         2         2        18  -18023.8591028    
     25.196959335562      0.000000000000      0.000000000000
      0.000000000000     25.196959335562      0.000000000000
      0.000000000000      0.000000000000     25.196959335562
OW               1
    -4.508834215         10.50943785         10.18054466    
   1.61174170243       1.87803283327       1.73889915724    
  -3788.68642540      -802.972169696       7839.68052493    
HW               2
    -3.735269504         10.27370799         9.668351825    
  -3.85163059738       2.06691838414      -6.59936268144    
   5290.53053870       14.7350354665      -5816.02953342    
HW               3
    -5.002217952         11.10066178         9.611915438    
  -6.30520811095     -0.847678846362       5.77419708080    
   1449.61562455       1778.29010706      -3299.83500538    
OW               4
    -6.951931921         12.09463405         7.977321792    
  -2.06506944672     -0.306447916696     -0.682777190963    
   12949.5318208       9234.22926256      -6136.58839514    
HW               5
    -7.478731008        -12.30332889         7.997319162    
  -6.09208184519      -2.76474612984      -8.54656197681    
  -2497.94593019      -847.547592424       1146.57336695    
HW               6
    -7.522825657         11.42136884         8.347601077    
  0.893130265413      0.202177959240       4.80296794000    
  -8174.83046519      -7965.42221378       4114.69643730    
OW               7
    -6.603034041         8.936227689         10.62240767    
  -1.92610616228     -0.330935685430       1.47386869587    
  -13895.6527603      -7171.80800365      -211.213278098    
HW               8
    -6.836662078         8.905183373         11.55018276    
 -0.713817188286     -0.607544978343       1.76988607108    
   2932.32064524       373.494729489       1519.69863005    
HW               9
    -5.739514210         9.348994573         10.60599307    
  -4.40747935641       4.80238005272      0.207584590648E-01
   9157.38467445       5415.86107536       259.368587034    
OW              10
    -2.568613657         9.941305459         8.066654004    
   1.22559008481      -3.44789925783       1.87193553607    
   4196.70643751      -5229.28973104       7384.59332444    
HW              11
    -2.995028887         10.62833514         7.554333113    
   3.49720251097       3.65742955568       9.50957385108    
  -5175.48481817       4694.34210214      -4335.92791471    
HW              12
    -2.473225786         9.210518013         7.455783067    
 -0.506965196840       3.29406356729      -6.46404223756    
  -598.912471173       809.140220120      -1193.48311896    
OW              13
    -8.372668466         10.12729037         9.016768907    
   3.69390924892      0.599927705037       1.09500296887    
  -8873.84813966       8810.17326707      -7735.71629923    
HW              14
    -7.761535574         9.662385682         9.588339242    
  -12.3307344948      -15.8498028149       4.84892427027    
   6442.82805520      -7384.86839983       6205.82249440    
HW              15
    -9.207971352         9.676662331         9.141331734    
  -2.22570528840       3.74501062139      -27.2233055293    
   702.290155297      -2197.45076203       1221.49542259    
OW              16
    -4.434137639         11.67266522         6.966606679    
 -0.363814792259       1.83480018308      -3.58629481264    
   12463.3025529      -3222.25403699      -2487.59019248    
HW              17
    -4.566905784         12.09299776         6.116897551    
  -4.30756307023      -9.77173972412      -8.71158077619    
  -2755.34653960       971.396069423       228.349356289    
HW              18
    -5.295217767         11.69778507         7.384006302    
   1.80505988098       8.46255032855      0.489144330152    
  -9823.80295492       2719.95104074       1296.10559343    
