amber                                                                           
         2       128
OW      
 -6.350000E+00  0.000000E+00
 -6.250000E+00  0.000000E+00
 -6.150000E+00  0.000000E+00
 -6.050000E+00  0.000000E+00
 -5.950000E+00  0.000000E+00
 -5.850000E+00  0.000000E+00
 -5.750000E+00  0.000000E+00
 -5.650000E+00  0.000000E+00
 -5.550000E+00  0.000000E+00
 -5.450000E+00  0.000000E+00
 -5.350000E+00  0.000000E+00
 -5.250000E+00  0.000000E+00
 -5.150000E+00  0.000000E+00
 -5.050000E+00  0.000000E+00
 -4.950000E+00  0.000000E+00
 -4.850000E+00  0.000000E+00
 -4.750000E+00  0.000000E+00
 -4.650000E+00  0.000000E+00
 -4.550000E+00  0.000000E+00
 -4.450000E+00  0.000000E+00
 -4.350000E+00  0.000000E+00
 -4.250000E+00  0.000000E+00
 -4.150000E+00  0.000000E+00
 -4.050000E+00  0.000000E+00
 -3.950000E+00  0.000000E+00
 -3.850000E+00  0.000000E+00
 -3.750000E+00  0.000000E+00
 -3.650000E+00  0.000000E+00
 -3.550000E+00  0.000000E+00
 -3.450000E+00  0.000000E+00
 -3.350000E+00  0.000000E+00
 -3.250000E+00  0.000000E+00
 -3.150000E+00  0.000000E+00
 -3.050000E+00  0.000000E+00
 -2.950000E+00  0.000000E+00
 -2.850000E+00  0.000000E+00
 -2.750000E+00  0.000000E+00
 -2.650000E+00  0.000000E+00
 -2.550000E+00  0.000000E+00
 -2.450000E+00  0.000000E+00
 -2.350000E+00  0.000000E+00
 -2.250000E+00  0.000000E+00
 -2.150000E+00  0.000000E+00
 -2.050000E+00  0.000000E+00
 -1.950000E+00  0.000000E+00
 -1.850000E+00  0.000000E+00
 -1.750000E+00  0.000000E+00
 -1.650000E+00  0.000000E+00
 -1.550000E+00  0.000000E+00
 -1.450000E+00  0.000000E+00
 -1.350000E+00  0.000000E+00
 -1.250000E+00  0.000000E+00
 -1.150000E+00  0.000000E+00
 -1.050000E+00  0.000000E+00
 -9.500000E-01  0.000000E+00
 -8.500000E-01  0.000000E+00
 -7.500000E-01  0.000000E+00
 -6.500000E-01  0.000000E+00
 -5.500000E-01  0.000000E+00
 -4.500000E-01  0.000000E+00
 -3.500000E-01  0.000000E+00
 -2.500000E-01  0.000000E+00
 -1.500000E-01  0.000000E+00
 -5.000000E-02  0.000000E+00
  5.000000E-02  0.000000E+00
  1.500000E-01  0.000000E+00
  2.500000E-01  0.000000E+00
  3.500000E-01  0.000000E+00
  4.500000E-01  0.000000E+00
  5.500000E-01  0.000000E+00
  6.500000E-01  0.000000E+00
  7.500000E-01  0.000000E+00
  8.500000E-01  0.000000E+00
  9.500000E-01  0.000000E+00
  1.050000E+00  0.000000E+00
  1.150000E+00  0.000000E+00
  1.250000E+00  0.000000E+00
  1.350000E+00  0.000000E+00
  1.450000E+00  0.000000E+00
  1.550000E+00  0.000000E+00
  1.650000E+00  0.000000E+00
  1.750000E+00  0.000000E+00
  1.850000E+00  0.000000E+00
  1.950000E+00  0.000000E+00
  2.050000E+00  0.000000E+00
  2.150000E+00  0.000000E+00
  2.250000E+00  0.000000E+00
  2.350000E+00  0.000000E+00
  2.450000E+00  0.000000E+00
  2.550000E+00  0.000000E+00
  2.650000E+00  0.000000E+00
  2.750000E+00  0.000000E+00
  2.850000E+00  0.000000E+00
  2.950000E+00  0.000000E+00
  3.050000E+00  0.000000E+00
  3.150000E+00  0.000000E+00
  3.250000E+00  0.000000E+00
  3.350000E+00  0.000000E+00
  3.450000E+00  0.000000E+00
  3.550000E+00  0.000000E+00
  3.650000E+00  0.000000E+00
  3.750000E+00  0.000000E+00
  3.850000E+00  0.000000E+00
  3.950000E+00  0.000000E+00
  4.050000E+00  0.000000E+00
  4.150000E+00  0.000000E+00
  4.250000E+00  0.000000E+00
  4.350000E+00  0.000000E+00
  4.450000E+00  0.000000E+00
  4.550000E+00  0.000000E+00
  4.650000E+00  0.000000E+00
  4.750000E+00  0.000000E+00
  4.850000E+00  0.000000E+00
  4.950000E+00  0.000000E+00
  5.050000E+00  0.000000E+00
  5.150000E+00  0.000000E+00
  5.250000E+00  0.000000E+00
  5.350000E+00  0.000000E+00
  5.450000E+00  0.000000E+00
  5.550000E+00  0.000000E+00
  5.650000E+00  1.720299E-05
  5.750000E+00  4.360759E-05
  5.850000E+00  9.361629E-05
  5.950000E+00  2.616455E-04
  6.050000E+00  3.632632E-04
  6.150000E+00  4.140721E-04
  6.250000E+00  2.332406E-04
  6.350000E+00  1.312228E-04
HW      
 -6.350000E+00  0.000000E+00
 -6.250000E+00  0.000000E+00
 -6.150000E+00  0.000000E+00
 -6.050000E+00  0.000000E+00
 -5.950000E+00  0.000000E+00
 -5.850000E+00  0.000000E+00
 -5.750000E+00  0.000000E+00
 -5.650000E+00  0.000000E+00
 -5.550000E+00  0.000000E+00
 -5.450000E+00  0.000000E+00
 -5.350000E+00  0.000000E+00
 -5.250000E+00  0.000000E+00
 -5.150000E+00  0.000000E+00
 -5.050000E+00  0.000000E+00
 -4.950000E+00  0.000000E+00
 -4.850000E+00  0.000000E+00
 -4.750000E+00  0.000000E+00
 -4.650000E+00  0.000000E+00
 -4.550000E+00  0.000000E+00
 -4.450000E+00  0.000000E+00
 -4.350000E+00  0.000000E+00
 -4.250000E+00  0.000000E+00
 -4.150000E+00  0.000000E+00
 -4.050000E+00  0.000000E+00
 -3.950000E+00  0.000000E+00
 -3.850000E+00  0.000000E+00
 -3.750000E+00  0.000000E+00
 -3.650000E+00  0.000000E+00
 -3.550000E+00  0.000000E+00
 -3.450000E+00  0.000000E+00
 -3.350000E+00  0.000000E+00
 -3.250000E+00  0.000000E+00
 -3.150000E+00  0.000000E+00
 -3.050000E+00  0.000000E+00
 -2.950000E+00  0.000000E+00
 -2.850000E+00  0.000000E+00
 -2.750000E+00  0.000000E+00
 -2.650000E+00  0.000000E+00
 -2.550000E+00  0.000000E+00
 -2.450000E+00  0.000000E+00
 -2.350000E+00  0.000000E+00
 -2.250000E+00  0.000000E+00
 -2.150000E+00  0.000000E+00
 -2.050000E+00  0.000000E+00
 -1.950000E+00  0.000000E+00
 -1.850000E+00  0.000000E+00
 -1.750000E+00  0.000000E+00
 -1.650000E+00  0.000000E+00
 -1.550000E+00  0.000000E+00
 -1.450000E+00  0.000000E+00
 -1.350000E+00  0.000000E+00
 -1.250000E+00  0.000000E+00
 -1.150000E+00  0.000000E+00
 -1.050000E+00  0.000000E+00
 -9.500000E-01  0.000000E+00
 -8.500000E-01  0.000000E+00
 -7.500000E-01  0.000000E+00
 -6.500000E-01  0.000000E+00
 -5.500000E-01  0.000000E+00
 -4.500000E-01  0.000000E+00
 -3.500000E-01  0.000000E+00
 -2.500000E-01  0.000000E+00
 -1.500000E-01  0.000000E+00
 -5.000000E-02  0.000000E+00
  5.000000E-02  0.000000E+00
  1.500000E-01  0.000000E+00
  2.500000E-01  0.000000E+00
  3.500000E-01  0.000000E+00
  4.500000E-01  0.000000E+00
  5.500000E-01  0.000000E+00
  6.500000E-01  0.000000E+00
  7.500000E-01  0.000000E+00
  8.500000E-01  0.000000E+00
  9.500000E-01  0.000000E+00
  1.050000E+00  0.000000E+00
  1.150000E+00  0.000000E+00
  1.250000E+00  0.000000E+00
  1.350000E+00  0.000000E+00
  1.450000E+00  0.000000E+00
  1.550000E+00  0.000000E+00
  1.650000E+00  0.000000E+00
  1.750000E+00  0.000000E+00
  1.850000E+00  0.000000E+00
  1.950000E+00  0.000000E+00
  2.050000E+00  0.000000E+00
  2.150000E+00  0.000000E+00
  2.250000E+00  0.000000E+00
  2.350000E+00  0.000000E+00
  2.450000E+00  0.000000E+00
  2.550000E+00  0.000000E+00
  2.650000E+00  0.000000E+00
  2.750000E+00  0.000000E+00
  2.850000E+00  0.000000E+00
  2.950000E+00  0.000000E+00
  3.050000E+00  0.000000E+00
  3.150000E+00  0.000000E+00
  3.250000E+00  0.000000E+00
  3.350000E+00  0.000000E+00
  3.450000E+00  0.000000E+00
  3.550000E+00  0.000000E+00
  3.650000E+00  0.000000E+00
  3.750000E+00  0.000000E+00
  3.850000E+00  0.000000E+00
  3.950000E+00  0.000000E+00
  4.050000E+00  0.000000E+00
  4.150000E+00  0.000000E+00
  4.250000E+00  0.000000E+00
  4.350000E+00  0.000000E+00
  4.450000E+00  0.000000E+00
  4.550000E+00  0.000000E+00
  4.650000E+00  0.000000E+00
  4.750000E+00  0.000000E+00
  4.850000E+00  0.000000E+00
  4.950000E+00  5.200905E-06
  5.050000E+00  1.520265E-05
  5.150000E+00  5.801009E-05
  5.250000E+00  1.776309E-04
  5.350000E+00  2.188381E-04
  5.450000E+00  2.680466E-04
  5.550000E+00  3.572622E-04
  5.650000E+00  3.448600E-04
  5.750000E+00  3.144547E-04
  5.850000E+00  3.776657E-04
  5.950000E+00  5.516960E-04
  6.050000E+00  5.268917E-04
  6.150000E+00  6.281093E-04
  6.250000E+00  6.037050E-04
  6.350000E+00  7.917378E-04
