amber                                                                           
         3       179
OW      OW      
  2.513966E-02  0.000000E+00
  7.541899E-02  0.000000E+00
  1.256983E-01  0.000000E+00
  1.759777E-01  0.000000E+00
  2.262570E-01  0.000000E+00
  2.765363E-01  0.000000E+00
  3.268156E-01  0.000000E+00
  3.770950E-01  0.000000E+00
  4.273743E-01  0.000000E+00
  4.776536E-01  0.000000E+00
  5.279330E-01  0.000000E+00
  5.782123E-01  0.000000E+00
  6.284916E-01  0.000000E+00
  6.787709E-01  0.000000E+00
  7.290503E-01  0.000000E+00
  7.793296E-01  0.000000E+00
  8.296089E-01  0.000000E+00
  8.798883E-01  0.000000E+00
  9.301676E-01  0.000000E+00
  9.804469E-01  0.000000E+00
  1.030726E+00  0.000000E+00
  1.081006E+00  0.000000E+00
  1.131285E+00  0.000000E+00
  1.181564E+00  0.000000E+00
  1.231844E+00  0.000000E+00
  1.282123E+00  0.000000E+00
  1.332402E+00  0.000000E+00
  1.382682E+00  0.000000E+00
  1.432961E+00  0.000000E+00
  1.483240E+00  0.000000E+00
  1.533520E+00  0.000000E+00
  1.583799E+00  0.000000E+00
  1.634078E+00  0.000000E+00
  1.684358E+00  0.000000E+00
  1.734637E+00  0.000000E+00
  1.784916E+00  0.000000E+00
  1.835196E+00  0.000000E+00
  1.885475E+00  0.000000E+00
  1.935754E+00  0.000000E+00
  1.986034E+00  0.000000E+00
  2.036313E+00  0.000000E+00
  2.086592E+00  0.000000E+00
  2.136872E+00  0.000000E+00
  2.187151E+00  0.000000E+00
  2.237430E+00  0.000000E+00
  2.287709E+00  0.000000E+00
  2.337989E+00  0.000000E+00
  2.388268E+00  0.000000E+00
  2.438547E+00  0.000000E+00
  2.488827E+00  9.082981E-02
  2.539106E+00  3.905258E+00
  2.589385E+00  3.440403E+01
  2.639665E+00  1.176068E+02
  2.689944E+00  2.170945E+02
  2.740223E+00  2.462346E+02
  2.790503E+00  2.103104E+02
  2.840782E+00  1.446999E+02
  2.891061E+00  8.468132E+01
  2.941341E+00  4.249882E+01
  2.991620E+00  1.995966E+01
  3.041899E+00  9.895869E+00
  3.092179E+00  6.619822E+00
  3.142458E+00  4.073712E+00
  3.192737E+00  3.780835E+00
  3.243017E+00  3.490647E+00
  3.293296E+00  3.475661E+00
  3.343575E+00  3.938097E+00
  3.393855E+00  4.457291E+00
  3.444134E+00  4.671980E+00
  3.494413E+00  5.494585E+00
  3.544693E+00  5.518932E+00
  3.594972E+00  6.105726E+00
  3.645251E+00  6.869979E+00
  3.695531E+00  7.590663E+00
  3.745810E+00  7.929595E+00
  3.796089E+00  7.701412E+00
  3.846369E+00  9.212730E+00
  3.896648E+00  1.003258E+01
  3.946927E+00  1.014880E+01
  3.997207E+00  1.077544E+01
  4.047486E+00  1.214075E+01
  4.097765E+00  1.341110E+01
  4.148045E+00  1.424878E+01
  4.198324E+00  1.587268E+01
  4.248603E+00  1.622392E+01
  4.298883E+00  1.745261E+01
  4.349162E+00  1.820405E+01
  4.399441E+00  1.869148E+01
  4.449721E+00  1.909553E+01
  4.500000E+00  1.932414E+01
  4.550279E+00  1.885189E+01
  4.600559E+00  1.842880E+01
  4.650838E+00  1.874781E+01
  4.701117E+00  1.901721E+01
  4.751397E+00  1.778197E+01
  4.801676E+00  1.721630E+01
  4.851955E+00  1.676574E+01
  4.902235E+00  1.590268E+01
  4.952514E+00  1.442873E+01
  5.002793E+00  1.367932E+01
  5.053073E+00  1.253805E+01
  5.103352E+00  1.092582E+01
  5.153631E+00  9.929873E+00
  5.203911E+00  8.497532E+00
  5.254190E+00  7.887305E+00
  5.304469E+00  7.638512E+00
  5.354749E+00  7.034615E+00
  5.405028E+00  6.610649E+00
  5.455307E+00  6.413733E+00
  5.505587E+00  5.433995E+00
  5.555866E+00  5.299633E+00
  5.606145E+00  4.829058E+00
  5.656425E+00  4.598513E+00
  5.706704E+00  4.267328E+00
  5.756983E+00  3.781443E+00
  5.807263E+00  3.561925E+00
  5.857542E+00  3.324757E+00
  5.907821E+00  3.042721E+00
  5.958101E+00  2.436854E+00
  6.008380E+00  2.333899E+00
  6.058659E+00  1.785677E+00
  6.108939E+00  1.643331E+00
  6.159218E+00  1.464590E+00
  6.209497E+00  1.225735E+00
  6.259777E+00  9.835651E-01
  6.310056E+00  7.771888E-01
  6.360335E+00  6.397762E-01
  6.410615E+00  3.628080E-01
  6.460894E+00  3.807708E-01
  6.511173E+00  3.682772E-01
  6.561453E+00  1.731595E-01
  6.611732E+00  2.027125E-01
  6.662011E+00  1.204324E-01
  6.712291E+00  4.058564E-02
  6.762570E+00  6.151443E-03
  6.812849E+00  1.818295E-02
  6.863128E+00  0.000000E+00
  6.913408E+00  0.000000E+00
  6.963687E+00  0.000000E+00
  7.013966E+00  0.000000E+00
  7.064246E+00  0.000000E+00
  7.114525E+00  0.000000E+00
  7.164804E+00  0.000000E+00
  7.215084E+00  0.000000E+00
  7.265363E+00  0.000000E+00
  7.315642E+00  0.000000E+00
  7.365922E+00  0.000000E+00
  7.416201E+00  0.000000E+00
  7.466480E+00  0.000000E+00
  7.516760E+00  0.000000E+00
  7.567039E+00  0.000000E+00
  7.617318E+00  0.000000E+00
  7.667598E+00  0.000000E+00
  7.717877E+00  0.000000E+00
  7.768156E+00  0.000000E+00
  7.818436E+00  0.000000E+00
  7.868715E+00  0.000000E+00
  7.918994E+00  0.000000E+00
  7.969274E+00  0.000000E+00
  8.019553E+00  0.000000E+00
  8.069832E+00  0.000000E+00
  8.120112E+00  0.000000E+00
  8.170391E+00  0.000000E+00
  8.220670E+00  0.000000E+00
  8.270950E+00  0.000000E+00
  8.321229E+00  0.000000E+00
  8.371508E+00  0.000000E+00
  8.421788E+00  0.000000E+00
  8.472067E+00  0.000000E+00
  8.522346E+00  0.000000E+00
  8.572626E+00  0.000000E+00
  8.622905E+00  0.000000E+00
  8.673184E+00  0.000000E+00
  8.723464E+00  0.000000E+00
  8.773743E+00  0.000000E+00
  8.824022E+00  0.000000E+00
  8.874302E+00  0.000000E+00
  8.924581E+00  0.000000E+00
  8.974860E+00  0.000000E+00
OW      HW      
  2.513966E-02  0.000000E+00
  7.541899E-02  0.000000E+00
  1.256983E-01  0.000000E+00
  1.759777E-01  0.000000E+00
  2.262570E-01  0.000000E+00
  2.765363E-01  0.000000E+00
  3.268156E-01  0.000000E+00
  3.770950E-01  0.000000E+00
  4.273743E-01  0.000000E+00
  4.776536E-01  0.000000E+00
  5.279330E-01  0.000000E+00
  5.782123E-01  0.000000E+00
  6.284916E-01  0.000000E+00
  6.787709E-01  0.000000E+00
  7.290503E-01  0.000000E+00
  7.793296E-01  0.000000E+00
  8.296089E-01  0.000000E+00
  8.798883E-01  0.000000E+00
  9.301676E-01  0.000000E+00
  9.804469E-01  0.000000E+00
  1.030726E+00  0.000000E+00
  1.081006E+00  0.000000E+00
  1.131285E+00  0.000000E+00
  1.181564E+00  0.000000E+00
  1.231844E+00  0.000000E+00
  1.282123E+00  0.000000E+00
  1.332402E+00  0.000000E+00
  1.382682E+00  0.000000E+00
  1.432961E+00  0.000000E+00
  1.483240E+00  0.000000E+00
  1.533520E+00  4.485556E-02
  1.583799E+00  1.457838E+00
  1.634078E+00  1.372146E+01
  1.684358E+00  5.246383E+01
  1.734637E+00  1.057581E+02
  1.784916E+00  1.294300E+02
  1.835196E+00  1.209739E+02
  1.885475E+00  9.067187E+01
  1.935754E+00  5.845290E+01
  1.986034E+00  3.294945E+01
  2.036313E+00  1.860536E+01
  2.086592E+00  9.174760E+00
  2.136872E+00  5.467566E+00
  2.187151E+00  3.263765E+00
  2.237430E+00  2.465485E+00
  2.287709E+00  1.558767E+00
  2.337989E+00  1.293025E+00
  2.388268E+00  1.072703E+00
  2.438547E+00  9.461385E-01
  2.488827E+00  1.112665E+00
  2.539106E+00  1.341751E+00
  2.589385E+00  1.709713E+00
  2.639665E+00  2.846302E+00
  2.689944E+00  4.057886E+00
  2.740223E+00  6.476653E+00
  2.790503E+00  1.047217E+01
  2.840782E+00  1.647961E+01
  2.891061E+00  2.547003E+01
  2.941341E+00  3.694260E+01
  2.991620E+00  4.847290E+01
  3.041899E+00  5.560916E+01
  3.092179E+00  5.783886E+01
  3.142458E+00  5.614174E+01
  3.192737E+00  5.116201E+01
  3.243017E+00  4.584651E+01
  3.293296E+00  4.024893E+01
  3.343575E+00  3.703447E+01
  3.393855E+00  3.594225E+01
  3.444134E+00  3.593511E+01
  3.494413E+00  3.558521E+01
  3.544693E+00  3.541688E+01
  3.594972E+00  3.315703E+01
  3.645251E+00  2.863903E+01
  3.695531E+00  2.348007E+01
  3.745810E+00  1.904707E+01
  3.796089E+00  1.603241E+01
  3.846369E+00  1.395933E+01
  3.896648E+00  1.270052E+01
  3.946927E+00  1.189595E+01
  3.997207E+00  1.161177E+01
  4.047486E+00  1.121345E+01
  4.097765E+00  1.081222E+01
  4.148045E+00  1.087461E+01
  4.198324E+00  1.041021E+01
  4.248603E+00  1.011852E+01
  4.298883E+00  9.959331E+00
  4.349162E+00  9.853089E+00
  4.399441E+00  9.898055E+00
  4.449721E+00  1.021376E+01
  4.500000E+00  1.066579E+01
  4.550279E+00  1.083559E+01
  4.600559E+00  1.086422E+01
  4.650838E+00  1.131664E+01
  4.701117E+00  1.160413E+01
  4.751397E+00  1.142370E+01
  4.801676E+00  1.161734E+01
  4.851955E+00  1.160039E+01
  4.902235E+00  1.194018E+01
  4.952514E+00  1.179933E+01
  5.002793E+00  1.191741E+01
  5.053073E+00  1.145833E+01
  5.103352E+00  1.148075E+01
  5.153631E+00  1.113735E+01
  5.203911E+00  1.067905E+01
  5.254190E+00  1.050240E+01
  5.304469E+00  9.796842E+00
  5.354749E+00  9.180811E+00
  5.405028E+00  8.945801E+00
  5.455307E+00  8.212131E+00
  5.505587E+00  7.358632E+00
  5.555866E+00  6.900232E+00
  5.606145E+00  6.495060E+00
  5.656425E+00  5.847057E+00
  5.706704E+00  5.340639E+00
  5.756983E+00  4.815929E+00
  5.807263E+00  4.293913E+00
  5.857542E+00  3.887424E+00
  5.907821E+00  3.427596E+00
  5.958101E+00  3.057954E+00
  6.008380E+00  2.718661E+00
  6.058659E+00  2.553978E+00
  6.108939E+00  2.315175E+00
  6.159218E+00  2.090285E+00
  6.209497E+00  2.084844E+00
  6.259777E+00  1.997642E+00
  6.310056E+00  1.882033E+00
  6.360335E+00  1.727222E+00
  6.410615E+00  1.582151E+00
  6.460894E+00  1.491071E+00
  6.511173E+00  1.341226E+00
  6.561453E+00  1.280727E+00
  6.611732E+00  1.192143E+00
  6.662011E+00  1.116377E+00
  6.712291E+00  1.020885E+00
  6.762570E+00  8.389031E-01
  6.812849E+00  7.424704E-01
  6.863128E+00  6.741462E-01
  6.913408E+00  5.429785E-01
  6.963687E+00  4.307434E-01
  7.013966E+00  3.917093E-01
  7.064246E+00  3.636041E-01
  7.114525E+00  2.945675E-01
  7.164804E+00  2.205759E-01
  7.215084E+00  1.479354E-01
  7.265363E+00  1.232446E-01
  7.315642E+00  1.011874E-01
  7.365922E+00  8.749645E-02
  7.416201E+00  7.288745E-02
  7.466480E+00  4.667784E-02
  7.516760E+00  3.485280E-02
  7.567039E+00  1.166844E-02
  7.617318E+00  6.060476E-03
  7.667598E+00  1.794377E-03
  7.717877E+00  0.000000E+00
  7.768156E+00  0.000000E+00
  7.818436E+00  0.000000E+00
  7.868715E+00  0.000000E+00
  7.918994E+00  0.000000E+00
  7.969274E+00  0.000000E+00
  8.019553E+00  0.000000E+00
  8.069832E+00  0.000000E+00
  8.120112E+00  0.000000E+00
  8.170391E+00  0.000000E+00
  8.220670E+00  0.000000E+00
  8.270950E+00  0.000000E+00
  8.321229E+00  0.000000E+00
  8.371508E+00  0.000000E+00
  8.421788E+00  0.000000E+00
  8.472067E+00  0.000000E+00
  8.522346E+00  0.000000E+00
  8.572626E+00  0.000000E+00
  8.622905E+00  0.000000E+00
  8.673184E+00  0.000000E+00
  8.723464E+00  0.000000E+00
  8.773743E+00  0.000000E+00
  8.824022E+00  0.000000E+00
  8.874302E+00  0.000000E+00
  8.924581E+00  0.000000E+00
  8.974860E+00  0.000000E+00
HW      HW      
  2.513966E-02  0.000000E+00
  7.541899E-02  0.000000E+00
  1.256983E-01  0.000000E+00
  1.759777E-01  0.000000E+00
  2.262570E-01  0.000000E+00
  2.765363E-01  0.000000E+00
  3.268156E-01  0.000000E+00
  3.770950E-01  0.000000E+00
  4.273743E-01  0.000000E+00
  4.776536E-01  0.000000E+00
  5.279330E-01  0.000000E+00
  5.782123E-01  0.000000E+00
  6.284916E-01  0.000000E+00
  6.787709E-01  0.000000E+00
  7.290503E-01  0.000000E+00
  7.793296E-01  0.000000E+00
  8.296089E-01  0.000000E+00
  8.798883E-01  0.000000E+00
  9.301676E-01  0.000000E+00
  9.804469E-01  0.000000E+00
  1.030726E+00  0.000000E+00
  1.081006E+00  0.000000E+00
  1.131285E+00  0.000000E+00
  1.181564E+00  0.000000E+00
  1.231844E+00  0.000000E+00
  1.282123E+00  0.000000E+00
  1.332402E+00  0.000000E+00
  1.382682E+00  0.000000E+00
  1.432961E+00  0.000000E+00
  1.483240E+00  0.000000E+00
  1.533520E+00  0.000000E+00
  1.583799E+00  0.000000E+00
  1.634078E+00  1.316839E-02
  1.684358E+00  3.718202E-02
  1.734637E+00  1.402317E-01
  1.784916E+00  5.518464E-01
  1.835196E+00  1.305061E+00
  1.885475E+00  2.878315E+00
  1.935754E+00  6.822164E+00
  1.986034E+00  1.135758E+01
  2.036313E+00  1.880040E+01
  2.086592E+00  2.698316E+01
  2.136872E+00  3.715635E+01
  2.187151E+00  4.534723E+01
  2.237430E+00  5.028607E+01
  2.287709E+00  5.542359E+01
  2.337989E+00  5.814111E+01
  2.388268E+00  5.722934E+01
  2.438547E+00  5.562112E+01
  2.488827E+00  5.613282E+01
  2.539106E+00  5.488087E+01
  2.589385E+00  5.480520E+01
  2.639665E+00  5.076915E+01
  2.689944E+00  4.207566E+01
  2.740223E+00  3.191964E+01
  2.790503E+00  2.256100E+01
  2.840782E+00  1.593058E+01
  2.891061E+00  1.107740E+01
  2.941341E+00  8.198175E+00
  2.991620E+00  6.757996E+00
  3.041899E+00  6.141215E+00
  3.092179E+00  6.119658E+00
  3.142458E+00  6.826317E+00
  3.192737E+00  7.710006E+00
  3.243017E+00  8.860360E+00
  3.293296E+00  1.049183E+01
  3.343575E+00  1.283656E+01
  3.393855E+00  1.551504E+01
  3.444134E+00  1.935789E+01
  3.494413E+00  2.308129E+01
  3.544693E+00  2.721404E+01
  3.594972E+00  3.157074E+01
  3.645251E+00  3.417259E+01
  3.695531E+00  3.706499E+01
  3.745810E+00  3.707662E+01
  3.796089E+00  3.539819E+01
  3.846369E+00  3.323095E+01
  3.896648E+00  2.869429E+01
  3.946927E+00  2.534717E+01
  3.997207E+00  2.172035E+01
  4.047486E+00  1.847730E+01
  4.097765E+00  1.652513E+01
  4.148045E+00  1.505605E+01
  4.198324E+00  1.384171E+01
  4.248603E+00  1.327837E+01
  4.298883E+00  1.280214E+01
  4.349162E+00  1.250971E+01
  4.399441E+00  1.189838E+01
  4.449721E+00  1.164699E+01
  4.500000E+00  1.109645E+01
  4.550279E+00  1.066236E+01
  4.600559E+00  1.049538E+01
  4.650838E+00  1.028268E+01
  4.701117E+00  1.008141E+01
  4.751397E+00  9.699399E+00
  4.801676E+00  9.666631E+00
  4.851955E+00  9.397120E+00
  4.902235E+00  9.110237E+00
  4.952514E+00  8.719746E+00
  5.002793E+00  8.529902E+00
  5.053073E+00  8.307287E+00
  5.103352E+00  7.947276E+00
  5.153631E+00  7.751921E+00
  5.203911E+00  7.469102E+00
  5.254190E+00  7.235125E+00
  5.304469E+00  7.161105E+00
  5.354749E+00  7.227160E+00
  5.405028E+00  7.229344E+00
  5.455307E+00  7.090791E+00
  5.505587E+00  6.916627E+00
  5.555866E+00  6.802259E+00
  5.606145E+00  6.558836E+00
  5.656425E+00  6.291082E+00
  5.706704E+00  6.150481E+00
  5.756983E+00  5.998956E+00
  5.807263E+00  5.811068E+00
  5.857542E+00  5.588749E+00
  5.907821E+00  5.162551E+00
  5.958101E+00  4.907387E+00
  6.008380E+00  4.576235E+00
  6.058659E+00  4.419168E+00
  6.108939E+00  4.186537E+00
  6.159218E+00  3.879310E+00
  6.209497E+00  3.567764E+00
  6.259777E+00  3.144537E+00
  6.310056E+00  2.961266E+00
  6.360335E+00  2.652116E+00
  6.410615E+00  2.322314E+00
  6.460894E+00  2.095924E+00
  6.511173E+00  1.867099E+00
  6.561453E+00  1.609893E+00
  6.611732E+00  1.460817E+00
  6.662011E+00  1.290687E+00
  6.712291E+00  1.084885E+00
  6.762570E+00  9.965338E-01
  6.812849E+00  8.303546E-01
  6.863128E+00  7.734391E-01
  6.913408E+00  7.269144E-01
  6.963687E+00  7.258824E-01
  7.013966E+00  6.161559E-01
  7.064246E+00  6.130535E-01
  7.114525E+00  5.335562E-01
  7.164804E+00  5.308891E-01
  7.215084E+00  5.214892E-01
  7.265363E+00  4.929784E-01
  7.315642E+00  4.178910E-01
  7.365922E+00  4.083168E-01
  7.416201E+00  4.328492E-01
  7.466480E+00  3.904539E-01
  7.516760E+00  3.273673E-01
  7.567039E+00  3.003087E-01
  7.617318E+00  2.654489E-01
  7.667598E+00  2.350633E-01
  7.717877E+00  1.889145E-01
  7.768156E+00  1.742394E-01
  7.818436E+00  1.363389E-01
  7.868715E+00  1.067730E-01
  7.918994E+00  1.037392E-01
  7.969274E+00  8.748442E-02
  8.019553E+00  7.545533E-02
  8.069832E+00  5.237860E-02
  8.120112E+00  3.946562E-02
  8.170391E+00  3.582073E-02
  8.220670E+00  2.809898E-02
  8.270950E+00  2.158986E-02
  8.321229E+00  1.828264E-02
  8.371508E+00  1.154069E-02
  8.421788E+00  9.915913E-03
  8.472067E+00  9.798566E-04
  8.522346E+00  0.000000E+00
  8.572626E+00  0.000000E+00
  8.622905E+00  0.000000E+00
  8.673184E+00  0.000000E+00
  8.723464E+00  0.000000E+00
  8.773743E+00  0.000000E+00
  8.824022E+00  0.000000E+00
  8.874302E+00  0.000000E+00
  8.924581E+00  0.000000E+00
  8.974860E+00  0.000000E+00
