amber                                                                           
         2         2        18  -18364.9390138    
     25.196959335562      0.000000000000      0.000000000000
      0.000000000000     25.196959335562      0.000000000000
      0.000000000000      0.000000000000     25.196959335562
OW               1
    -6.624570336         8.452994010         8.727410142    
  0.799835261371E-01  -1.12127275252       1.04192590403    
   784.731086852      -6225.36359183       9398.72015907    
HW               2
    -6.732623273         9.212353827         8.154688866    
  -5.40129487604      0.698307270872       4.48860103874    
  -1368.85422968       5201.42008723      -7674.51006540    
HW               3
    -6.625779680         7.702277253         8.133494891    
  -10.5655235796      0.408120810373     -0.869571211925    
  -389.267208630       1365.29738318      -3131.20672770    
OW               4
    -4.006059845        -12.55001939         9.071958695    
   1.67143077100      -1.44600953470      -1.74483013400    
   5756.22314703       5717.44739634      -10818.3335111    
HW               5
    -3.314218185        -12.48309660         9.730129559    
   3.03841433755       15.5537615683      -4.91028225111    
  -1512.05917420      -1165.83052358       2305.72355436    
HW               6
    -4.689264305         12.12592575         9.493963805    
  0.869651578429       12.8072794569       14.5544672474    
  -5133.30115720      -4715.22195392       8206.95771884    
OW               7
    -5.776338142         8.553727923         11.28172154    
  -2.99049320800      -2.21408686292       1.40640101942    
   4595.95597217       4008.18364905       11928.4520758    
HW               8
    -6.065075261         7.748994424         11.71224134    
  -6.17950419064       3.22135357991       9.42762360068    
  -591.769227854      -885.131221669      -1596.23827736    
HW               9
    -6.111371634         8.481327412         10.38795246    
   8.84674186569      -16.2949343707      -1.89021073264    
  -3745.51139594      -2678.44858568      -10383.5338952    
OW              10
    -6.936063674         10.42354891         6.695959968    
   3.93488241580     -0.427659637296      0.499620964635    
  -4146.63531575      -6504.01016776       4403.17417490    
HW              11
    -7.553934190         10.90315677         6.144122352    
   4.00351726968       2.64072590754       3.08953932199    
   1179.74712942       1755.04429329      -1077.07208024    
HW              12
    -6.108864161         10.89471319         6.595672253    
   7.70750342296      -9.06946462725      -8.98309160572    
   5263.35893769       4717.07522525      -2832.51702495    
OW              13
    -5.745803109         11.24357563         10.66606957    
  0.131066606080       2.99856206629      -4.08506641053    
   2400.50228946       11239.2711889      -4989.93312044    
HW              14
    -5.567267197         10.34882632         10.95565726    
   8.42021208474       8.86311955880       8.92445934121    
  -1041.95345740      -8784.23395925       3451.37240475    
HW              15
    -6.653770423         11.40272891         10.92409675    
  -2.19947780986      -2.61652943520      -8.82254357546    
  -805.214886150      -2353.70350994       1139.16516389    
OW              16
    -4.426776346         12.02303027         6.348804847    
  -3.26673174434     -0.557450419692       2.85673291149    
  -5945.80836705      -4779.30165842      -7884.97539196    
HW              17
    -3.486130047         11.98398259         6.175679904    
  -5.31854102803       13.1437727588      -11.3816999337    
   811.245787052       1073.16969458       2071.20054224    
HW              18
    -4.494168687         12.40582948         7.223582236    
   3.76066260202       14.5823910566      -3.22701684347    
   3888.61007019       3014.33625426       7483.55430053    
