 Time (ps)Ekin (1e12erg)Epot (1e12erg)E (1e12erg)T (K)
   0.00000000       16.8911858      -74.2287979      -57.3376083       94.3999710    
  0.100000001       16.7436829      -74.0616302      -57.3179474       93.5756149    
  0.200000003       17.2637863      -74.4297638      -57.1659737       96.4823227    
  0.300000012       16.8159046      -74.3162994      -57.5003929       93.9792404    
  0.400000006       17.1154728      -74.5784149      -57.4629402       95.6534348    
  0.499999970       16.7291431      -74.4100723      -57.6809311       93.4943619    
  0.600000024       17.4649563      -75.0392456      -57.5742874       97.6066055    
  0.699999988       16.3683300      -74.4508591      -58.0825310       91.4778748    
  0.800000012       17.0663013      -74.7049103      -57.6386070       95.3786392    
  0.899999976       16.7501945      -74.5676804      -57.8174820       93.6120071    
  0.999999940       16.8102226      -74.4729919      -57.6627655       93.9474869    
   1.10000002       17.2575397      -74.8460312      -57.5884933       96.4474106    
   1.20000005       16.6855774      -74.6278992      -57.9423256       93.2508774    
   1.29999995       16.6268139      -74.3628387      -57.7360268       92.9224701    
   1.39999998       16.8264656      -74.1294861      -57.3030243       94.0382614    
   1.49999988       17.2878399      -74.5306396      -57.2428017       96.6167450    
   1.60000002       16.8625984      -74.6091232      -57.7465248       94.2401962    
   1.69999993       16.6400909      -74.2954865      -57.6553955       92.9966660    
   1.79999995       17.1685486      -74.5853195      -57.4167671       95.9500580    
   1.89999998       16.6806889      -74.2979507      -57.6172600       93.2235565    
   1.99999988       17.2074814      -74.6825409      -57.4750557       96.1676559    
   2.09999990       16.9065266      -74.6877213      -57.7811966       94.4857025    
   2.20000005       16.8541489      -74.6783447      -57.8241959       94.1929703    
   2.29999995       16.8864288      -74.6951218      -57.8086967       94.3733826    
   2.40000010       16.9131374      -74.6604614      -57.7473221       94.5226440    
   2.50000000       16.9960270      -74.8423996      -57.8463783       94.9858856    
   2.59999990       16.5609798      -74.4976196      -57.9366341       92.5545425    
   2.69999981       16.7743435      -74.2894135      -57.5150681       93.7469711    
   2.79999995       17.0517349      -74.4482040      -57.3964691       95.2972260    
   2.90000010       16.7529964      -74.3096924      -57.5566940       93.6276627    
   2.99999976       16.7207851      -74.1265640      -57.4057808       93.4476395    
   3.09999990       16.9079723      -74.0806274      -57.1726570       94.4937820    
   3.20000005       17.1253376      -74.3548279      -57.2294922       95.7085724    
   3.29999995       17.0464249      -74.5512848      -57.5048561       95.2675552    
   3.39999986       16.7806244      -74.3826065      -57.6019783       93.7820663    
   3.50000000       17.1534748      -74.7045746      -57.5511017       95.8658218    
   3.59999990       16.6137352      -74.4054337      -57.7916985       92.8493729    
   3.70000005       16.5281944      -73.8498535      -57.3216629       92.3713074    
   3.79999995       17.3127499      -74.3037720      -56.9910240       96.7559662    
   3.89999986       17.0932560      -74.5201874      -57.4269295       95.5292740    
   3.99999976       17.1764545      -74.8258057      -57.6493492       95.9942474    
   4.09999990       16.8824863      -74.8927841      -58.0102959       94.3513489    
   4.19999981       16.8779945      -74.8624878      -57.9844971       94.3262482    
   4.29999971       16.8829441      -74.7979813      -57.9150352       94.3539047    
   4.40000010       16.9708138      -74.8888321      -57.9180183       94.8449860    
   4.50000000       16.5258675      -74.5276642      -58.0017929       92.3583069    
   4.59999990       16.5021744      -74.0587311      -57.5565567       92.2258911    
   4.69999981       17.3584270      -74.4810104      -57.1225853       97.0112457    
   4.80000019       16.4806023      -74.1408234      -57.6602249       92.1053314    
   4.90000010       16.8950806      -73.9374084      -57.0423279       94.4217300    
   5.00000000       17.2065392      -74.2989883      -57.0924492       96.1623917    
   5.10000038       16.9556026      -74.3849564      -57.4293518       94.7599716    
   5.19999981       17.3838673      -74.8870773      -57.5032120       97.1534195    
   5.29999971       16.8406696      -74.9493256      -58.1086578       94.1176453    
   5.39999962       16.5818253      -74.5638580      -57.9820290       92.6710358    
   5.50000000       16.8016357      -74.4653931      -57.6637573       93.8994980    
   5.59999990       17.2600002      -74.8923721      -57.6323700       96.4611664    
   5.69999981       16.8563652      -74.8427658      -57.9864006       94.2053604    
   5.80000019       16.7429256      -74.6546555      -57.9117317       93.5713882    
   5.90000010       16.7337646      -74.5484467      -57.8146782       93.5201874    
   5.99999952       16.8240337      -74.3945999      -57.5705643       94.0246735    
   6.10000038       17.1400986      -74.6627808      -57.5226860       95.7910690    
   6.19999981       17.1580791      -74.9548721      -57.7967949       95.8915558    
   6.30000019       16.7270927      -74.7438431      -58.0167503       93.4828949    
   6.40000010       16.2358017      -74.0433502      -57.8075447       90.7372208    
   6.49999952       17.0903587      -74.2613297      -57.1709747       95.5130844    
   6.59999990       17.3840866      -74.8241501      -57.4400673       97.1546478    
   6.70000029       16.5399685      -74.5050659      -57.9650993       92.4371185    
   6.79999971       16.4615383      -73.9011078      -57.4395676       91.9987946    
   6.90000010       17.0186596      -74.0186691      -57.0000076       95.1123734    
   7.00000000       17.3959274      -74.5333252      -57.1373978       97.2208176    
   7.09999990       17.0363235      -74.7677002      -57.7313766       95.2110977    
   7.19999981       16.7291584      -74.5531235      -57.8239594       93.4944382    
   7.29999971       16.7104244      -74.3888397      -57.6784172       93.3897400    
   7.40000010       17.1794720      -74.5791321      -57.3996620       96.0111084    
   7.50000000       17.1021729      -75.0359955      -57.9338226       95.5791168    
   7.59999990       16.6815968      -74.7703323      -58.0887375       93.2286377    
   7.69999981       16.7715397      -74.6261826      -57.8546410       93.7312927    
   7.79999971       16.9487019      -74.7236938      -57.7749939       94.7214050    
   7.90000010       16.7717762      -74.5744476      -57.8026733       93.7326202    
   7.99999952       16.2945290      -73.9562607      -57.6617279       91.0654221    
   8.09999943       17.2946072      -74.3351593      -57.0405579       96.6545715    
   8.19999981       17.2630444      -74.8130646      -57.5500183       96.4781799    
   8.30000019       16.3600769      -74.2673874      -57.9073067       91.4317474    
   8.39999962       17.0301628      -74.4304123      -57.4002495       95.1766739    
   8.50000000       17.1852875      -74.7344894      -57.5492020       96.0436172    
   8.59999943       17.0432148      -74.8990326      -57.8558159       95.2496109    
   8.70000076       17.1303883      -75.1742706      -58.0438805       95.7368011    
   8.80000019       16.8349266      -75.1025009      -58.2675705       94.0855408    
   8.89999962       16.4045372      -74.6399918      -58.2354507       91.6802292    
   9.00000000       16.9810791      -74.5718613      -57.5907822       94.9023590    
   9.09999943       17.1817913      -74.9209366      -57.7391472       96.0240707    
   9.19999981       16.5536175      -74.5271530      -57.9735336       92.5133972    
   9.29999924       16.8652115      -74.4648590      -57.5996475       94.2548065    
   9.39999962       16.5849686      -74.0813980      -57.4964294       92.6885986    
   9.49999905       17.2288761      -74.4785004      -57.2496223       96.2872238    
   9.60000038       16.9779949      -74.6794510      -57.7014542       94.8851166    
   9.70000076       16.5952034      -74.3226395      -57.7274323       92.7458038    
   9.80000019       16.1848164      -73.5816269      -57.3968086       90.4522629    
   9.90000057       17.3239174      -73.9519196      -56.6280022       96.8183823    
   10.0000000       17.2653904      -74.3782883      -57.1128960       96.4912872    
   10.1000004       17.2369366      -74.9129105      -57.6759758       96.3322601    
   10.2000008       16.5528641      -74.5421906      -57.9893265       92.5091782    
   10.2999992       16.0724316      -73.5284958      -57.4560623       89.8241806    
   10.3999996       16.5660896      -72.9347687      -56.3686790       92.5830917    
   10.4999990       17.7333755      -73.9119644      -56.1785889       99.1067200    
   10.5999994       16.9691429      -73.9947052      -57.0255661       94.8356476    
   10.6999998       17.3130665      -74.4739227      -57.1608505       96.7577286    
   10.7999992       17.0595837      -74.7798157      -57.7202301       95.3410950    
   10.9000006       16.8210888      -74.7206116      -57.8995247       94.0082092    
   11.0000000       16.7208729      -74.5206909      -57.7998123       93.4481354    
   11.0999994       16.8108654      -74.4324875      -57.6216240       93.9510803    
   11.1999998       16.8395081      -74.3456421      -57.5061302       94.1111450    
   11.2999992       16.7040997      -74.1900024      -57.4859009       93.3543930    
   11.3999996       16.8807030      -74.1435852      -57.2628822       94.3413849    
   11.5000000       17.2621422      -74.5662460      -57.3041039       96.4731369    
   11.6000004       16.4843349      -74.1617355      -57.6773987       92.1261902    
   11.7000008       17.1189404      -74.1824036      -57.0634651       95.6728210    
   11.8000002       17.2447891      -74.6560593      -57.4112701       96.3761520    
   11.8999987       16.7428761      -74.4916840      -57.7488060       93.5711060    
   11.9999990       16.4556274      -74.0959320      -57.6403008       91.9657516    
   12.0999994       17.7744236      -74.9955063      -57.2210846       99.3361282    
   12.2000008       16.8447704      -75.0989304      -58.2541656       94.1405640    
   12.3000011       16.8876648      -75.0553741      -58.1677055       94.3802872    
   12.3999996       16.4662743      -74.6630096      -58.1967392       92.0252609    
   12.5000000       16.3587170      -73.8603287      -57.5016098       91.4241486    
   12.6000004       17.1839657      -74.2312927      -57.0473289       96.0362320    
   12.6999998       17.1551876      -74.5307007      -57.3755150       95.8753891    
   12.8000002       16.2227478      -73.8250809      -57.6023407       90.6642532    
   12.8999987       17.1168747      -73.9965057      -56.8796272       95.6612778    
   12.9999990       17.2316189      -74.4372253      -57.2056084       96.3025513    
   13.0999994       16.9322948      -74.5579224      -57.6256256       94.6297073    
   13.1999998       16.8867569      -74.4621658      -57.5754089       94.3752213    
   13.3000002       16.7717247      -74.3797073      -57.6079865       93.7323303    
   13.4000006       16.9244404      -74.3677216      -57.4432793       94.5858154    
   13.4999990       16.6776505      -74.1682205      -57.4905663       93.2065811    
   13.5999994       17.1330414      -74.4002533      -57.2672157       95.7516251    
   13.6999998       16.6377983      -74.1565704      -57.5187721       92.9838562    
   13.8000002       17.3713093      -74.6161880      -57.2448769       97.0832367    
   13.9000006       16.6425056      -74.4267197      -57.7842140       93.0101624    
   14.0000000       17.2017517      -74.7752762      -57.5735207       96.1356277    
   14.0999994       16.6679173      -74.6090012      -57.9410820       93.1521835    
   14.1999998       16.6942940      -74.3688278      -57.6745377       93.2995911    
   14.3000002       16.7578239      -74.2564621      -57.4986382       93.6546478    
   14.3999996       17.1373920      -74.4566803      -57.3192863       95.7759399    
   14.4999990       17.0414352      -74.6120605      -57.5706215       95.2396698    
   14.5999994       17.3785591      -75.1505203      -57.7719612       97.1237488    
   14.6999989       16.8038921      -75.0127029      -58.2088127       93.9121017    
   14.8000002       17.1164112      -75.3060913      -58.1896820       95.6586838    
   14.9000006       16.2943211      -74.6339798      -58.3396606       91.0642624    
   15.0000000       16.7209702      -74.5042267      -57.7832565       93.4486771    
   15.0999994       16.6978683      -74.3014221      -57.6035500       93.3195724    
   15.1999998       17.2049503      -74.5949402      -57.3899879       96.1535110    
   15.2999992       16.6993542      -74.4180374      -57.7186813       93.3278732    
   15.3999996       16.3214588      -73.7655869      -57.4441338       91.2159348    
   15.5000000       17.0997334      -74.0484772      -56.9487457       95.5654755    
   15.5999994       17.6272831      -74.8117142      -57.1844292       98.5138016    
   15.6999998       16.6579475      -74.6298676      -57.9719200       93.0964661    
   15.8000002       16.2329483      -73.9282150      -57.6952667       90.7212677    
   15.9000006       16.9296551      -73.7606659      -56.8310089       94.6149597    
   15.9999990       16.7596703      -73.6343536      -56.8746834       93.6649628    
   16.1000004       17.1442986      -73.9469528      -56.8026543       95.8145370    
   16.1999989       16.8223152      -73.8379898      -57.0156784       94.0150604    
   16.2999992       17.5457153      -74.5863495      -57.0406342       98.0579376    
   16.3999996       17.1217098      -74.8790436      -57.7573357       95.6883011    
   16.5000000       15.8443279      -73.7643890      -57.9200630       88.5493774    
   16.6000004       16.7391109      -73.4496918      -56.7105789       93.5500565    
   16.7000008       17.8530445      -74.5010071      -56.6479645       99.7755203    
   16.7999992       17.0440197      -74.7461777      -57.7021637       95.2541046    
   16.8999996       16.6300945      -74.4543152      -57.8242226       92.9408035    
   17.0000000       16.9472847      -74.5343018      -57.5870171       94.7134781    
   17.0999985       16.7763729      -74.3516998      -57.5753250       93.7583160    
   17.1999989       17.1472168      -74.6355743      -57.4883575       95.8308563    
   17.3000011       16.9770451      -74.7733765      -57.7963295       94.8798065    
   17.4000015       16.5051670      -74.3262634      -57.8211021       92.2426147    
   17.5000000       16.9277554      -74.2922287      -57.3644753       94.6043472    
   17.6000004       16.4656830      -73.8284607      -57.3627739       92.0219498    
   17.6999989       17.3230019      -74.2449188      -56.9219131       96.8132629    
   17.7999992       16.8517246      -74.3626480      -57.5109215       94.1794281    
   17.8999996       16.6874866      -74.1011353      -57.4136505       93.2615509    
   18.0000000       16.8255920      -74.0571594      -57.2315750       94.0333786    
   18.1000004       16.9525681      -74.1656189      -57.2130508       94.7430115    
   18.1999989       16.5837097      -73.8097839      -57.2260742       92.6815720    
   18.3000011       16.8068638      -73.7045517      -56.8976860       93.9287109    
   18.3999996       17.7260952      -74.5579987      -56.8319054       99.0660324    
   18.5000000       16.4501591      -74.2550583      -57.8049011       91.9351959    
   18.5999985       16.8075771      -73.9798355      -57.1722603       93.9327011    
   18.6999989       17.0841389      -74.2090988      -57.1249580       95.4783325    
   18.7999992       16.6321106      -73.9684067      -57.3362961       92.9520721    
   18.8999996       17.1562519      -74.2364655      -57.0802116       95.8813477    
   18.9999981       16.6447144      -73.9486389      -57.3039246       93.0225143    
   19.0999985       17.0448246      -74.1808243      -57.1360054       95.2586136    
   19.2000008       16.7207680      -73.9332428      -57.2124710       93.4475555    
   19.3000011       17.2979298      -74.4130554      -57.1151276       96.6731415    
   19.4000015       16.6021423      -74.0720520      -57.4699097       92.7845917    
   19.5000019       17.0648594      -74.2249985      -57.1601410       95.3705826    
   19.6000004       16.9028816      -74.2215881      -57.3187065       94.4653320    
   19.7000008       17.1608829      -74.5162048      -57.3553200       95.9072266    
   19.8000011       16.7526417      -74.3703384      -57.6176949       93.6256790    
   19.8999996       16.9902496      -74.4059601      -57.4157104       94.9536057    
   20.0000000       16.9023533      -74.5038605      -57.6015053       94.4623718    
   20.0999985       17.1457901      -74.7352219      -57.5894318       95.8228760    
   20.2000008       16.8200817      -74.7477341      -57.9276543       94.0025864    
   20.2999992       16.7636566      -74.5778275      -57.8141747       93.6872406    
   20.4000015       16.6088066      -74.2668610      -57.6580582       92.8218307    
   20.5000000       16.8503590      -74.2138062      -57.3634453       94.1717987    
   20.5999985       17.1685276      -74.4430008      -57.2744713       95.9499435    
   20.7000008       17.0253448      -74.7322388      -57.7068939       95.1497421    
   20.7999992       16.5468369      -74.3633881      -57.8165550       92.4754944    
   20.9000015       16.5530815      -73.8864670      -57.3333855       92.5103989    
   20.9999981       16.9927406      -74.0059738      -57.0132332       94.9675293    
   21.0999985       17.5362892      -74.7053986      -57.1691132       98.0052567    
   21.1999989       17.2468681      -75.0898666      -57.8429947       96.3877716    
   21.2999973       16.7604618      -75.0653458      -58.3048820       93.6693802    
   21.3999996       16.7025356      -74.8342590      -58.1317215       93.3456497    
   21.4999981       16.6182804      -74.5858765      -57.9675980       92.8747711    
   21.5999985       16.6670971      -74.1640472      -57.4969521       93.1475983    
   21.6999989       17.3477840      -74.6997757      -57.3519897       96.9517670    
   21.8000011       17.0834656      -74.8939209      -57.8104591       95.4745560    
   21.9000015       16.8765163      -74.8913040      -58.0147858       94.3179779    
   22.0000000       16.6122913      -74.5716782      -57.9593887       92.8413086    
   22.1000004       17.1086578      -74.8521500      -57.7434921       95.6153564    
   22.1999989       16.6249485      -74.5302429      -57.9052963       92.9120407    
   22.2999992       16.6268387      -74.1735840      -57.5467453       92.9226074    
   22.3999996       17.0241852      -74.3581924      -57.3340073       95.1432648    
   22.5000000       16.9363785      -74.3970947      -57.4607162       94.6525269    
   22.5999985       16.3833904      -73.8559036      -57.4725151       91.5620499    
   22.7000008       17.6586742      -74.6937332      -57.0350571       98.6892395    
   22.7999992       17.0953331      -74.9356461      -57.8403168       95.5408936    
   22.8999996       15.9233751      -73.9515228      -58.0281525       88.9911499    
   23.0000000       17.6625843      -74.6636734      -57.0010834       98.7110901    
   23.1000004       16.8719215      -74.7899857      -57.9180641       94.2923050    
   23.2000008       16.2449245      -74.0889282      -57.8440018       90.7882004    
   23.2999973       17.3921871      -74.7120209      -57.3198357       97.1999130    
   23.4000015       16.5096550      -74.2597046      -57.7500458       92.2677002    
   23.4999981       16.8879242      -74.2107925      -57.3228645       94.3817444    
   23.6000004       17.1408501      -74.4773636      -57.3365097       95.7952652    
   23.6999989       16.9564667      -74.5755081      -57.6190376       94.7648087    
   23.7999973       17.0380020      -74.6650696      -57.6270714       95.2204742    
   23.8999996       16.9913101      -74.8208847      -57.8295746       94.9595337    
   23.9999981       16.7536049      -74.6769028      -57.9232979       93.6310654    
   24.1000004       16.8228474      -74.6013336      -57.7784843       94.0180359    
   24.1999989       16.7150135      -74.4913406      -57.7763329       93.4153900    
   24.2999992       16.6686134      -74.2149429      -57.5463257       93.1560745    
   24.4000015       17.0254116      -74.3166962      -57.2912865       95.1501160    
   24.5000000       16.5079174      -73.9357376      -57.4278221       92.2579803    
   24.6000023       16.7171459      -73.7504120      -57.0332603       93.4273148    
   24.6999989       16.8067799      -73.6044769      -56.7976990       93.9282455    
   24.7999992       17.5127563      -74.2714615      -56.7587090       97.8737488    
   24.8999996       16.3663197      -73.8533707      -57.4870491       91.4666367    
   25.0000000       16.8989677      -73.6476669      -56.7486954       94.4434586    
   25.1000004       17.7686043      -74.6018906      -56.8332825       99.3036041    
   25.2000008       16.7958107      -74.6194305      -57.8236160       93.8669434    
   25.2999992       16.5479202      -74.2788849      -57.7309647       92.4815598    
   25.3999996       17.1382504      -74.4836273      -57.3453789       95.7807388    
   25.5000000       16.8622379      -74.5156403      -57.6534042       94.2381821    
   25.6000004       16.6763668      -74.2380600      -57.5616913       93.1994019    
   25.7000008       16.6322536      -73.9538422      -57.3215866       92.9528732    
   25.7999973       17.4482956      -74.5491257      -57.1008263       97.5134964    
   25.8999996       17.3478031      -75.2555695      -57.9077682       96.9518738    
   25.9999981       16.4758644      -74.7334518      -58.2575912       92.0788498    
   26.1000004       16.9050407      -74.6416245      -57.7365875       94.4773941    
   26.1999989       17.3498650      -75.1706924      -57.8208237       96.9633865    
   26.2999973       16.6764240      -74.9573059      -58.2808800       93.1997223    
   26.3999996       16.4608135      -74.4864731      -58.0256615       91.9947357    
   26.4999981       16.6822033      -74.2376328      -57.5554237       93.2320251    
   26.6000004       16.6949100      -73.9797897      -57.2848778       93.3030319    
   26.6999989       16.9639893      -74.1140137      -57.1500244       94.8068390    
   26.8000011       16.8397312      -73.9837265      -57.1439972       94.1123962    
   26.9000015       16.8573399      -74.0066299      -57.1492844       94.2108154    
   26.9999981       17.2714443      -74.3646317      -57.0931892       96.5251236    
   27.1000004       16.7419682      -74.3592072      -57.6172371       93.5660324    
   27.1999989       16.8933601      -74.3197327      -57.4263687       94.4121170    
   27.3000011       17.0767441      -74.4939423      -57.4171944       95.4369965    
   27.3999996       16.3598804      -73.8671265      -57.5072479       91.4306564    
   27.5000000       17.5513668      -74.7316895      -57.1803246       98.0895233    
   27.6000004       16.6808968      -74.4980011      -57.8171005       93.2247162    
   27.7000008       16.9409828      -74.5422745      -57.6012917       94.6782684    
   27.8000011       16.5856552      -74.1701279      -57.5844727       92.6924438    
   27.8999996       16.8467731      -74.1364594      -57.2896881       94.1517639    
   28.0000000       17.1560078      -74.4171371      -57.2611313       95.8799744    
   28.1000004       17.1447525      -74.6923523      -57.5475998       95.8170776    
   28.1999989       16.7882061      -74.6246796      -57.8364754       93.8244400    
   28.2999992       16.7895164      -74.4574814      -57.6679688       93.8317642    
   28.3999996       17.1997833      -74.8204803      -57.6207008       96.1246262    
   28.4999981       16.9163990      -75.0340729      -58.1176758       94.5408707    
   28.6000004       16.7621193      -74.7852631      -58.0231400       93.6786499    
   28.6999989       16.8978291      -74.8187408      -57.9209099       94.4370880    
   28.7999992       16.6319962      -74.4972076      -57.8652115       92.9514313    
   28.8999996       16.6292000      -74.2552490      -57.6260490       92.9357986    
   28.9999981       16.7841244      -74.1365433      -57.3524208       93.8016281    
   29.1000004       16.6090698      -73.8512115      -57.2421417       92.8233032    
   29.1999989       17.0265770      -73.9310532      -56.9044800       95.1566238    
   29.3000011       16.9202900      -73.9308014      -57.0105057       94.5626221    
   29.3999977       16.9777336      -74.0133209      -57.0355911       94.8836517    
   29.4999981       17.0875034      -74.2284393      -57.1409302       95.4971237    
   29.6000004       16.8673401      -74.2720642      -57.4047279       94.2667007    
   29.6999989       17.2428169      -74.5930252      -57.3502083       96.3651276    
   29.8000011       16.6952553      -74.5865555      -57.8913040       93.3049622    
   29.8999996       16.7778053      -74.3092957      -57.5314903       93.7663116    
   30.0000000       17.3169308      -74.7942352      -57.4772987       96.7793350    
   30.1000004       16.7844048      -74.7296448      -57.9452400       93.8031998    
   30.1999989       16.4581165      -74.3045654      -57.8464470       91.9796600    
   30.3000011       17.0597706      -74.3498001      -57.2900352       95.3421326    
   30.3999996       16.8412476      -74.3113861      -57.4701347       94.1208725    
   30.5000000       16.5957470      -73.9754410      -57.3796997       92.7488480    
   30.5999985       16.9142437      -73.9732971      -57.0590553       94.5288315    
   30.6999989       17.1078300      -74.2208710      -57.1130447       95.6107330    
   30.7999992       16.7201824      -74.0731888      -57.3530121       93.4442749    
   30.8999996       16.8026333      -73.9604797      -57.1578484       93.9050751    
   31.0000000       17.3634510      -74.4891891      -57.1257401       97.0393219    
   31.0999985       16.7478294      -74.3297806      -57.5819511       93.5987854    
   31.1999989       16.5823479      -73.9972610      -57.4149132       92.6739655    
   31.2999992       17.3267479      -74.4200058      -57.0932579       96.8341980    
   31.3999996       17.0027924      -74.6362152      -57.6334190       95.0237045    
   31.5000000       16.8563766      -74.5693665      -57.7129860       94.2054291    
   31.6000004       16.6539326      -74.3216629      -57.6677322       93.0740280    
   31.6999969       16.9540520      -74.4342651      -57.4802132       94.7513123    
   31.8000011       17.0599670      -74.5446930      -57.4847298       95.3432388    
   31.8999977       16.9812279      -74.7596741      -57.7784424       94.9031830    
   31.9999981       17.2670879      -75.0536728      -57.7865829       96.5007706    
   32.1000023       16.6932983      -74.9965057      -58.3032074       93.2940292    
   32.2000008       16.4385014      -74.5100098      -58.0715065       91.8700409    
   32.3000031       16.9897461      -74.5174332      -57.5276871       94.9507904    
   32.3999977       17.1039982      -74.7140427      -57.6100426       95.5893173    
   32.5000038       16.3999367      -74.2598114      -57.8598747       91.6545181    
   32.5999985       16.9321823      -74.0944977      -57.1623154       94.6290894    
   32.6999969       17.6023197      -74.9121780      -57.3098602       98.3742828    
   32.7999992       16.7624416      -74.9878922      -58.2254524       93.6804504    
   32.8999977       16.7627010      -74.7854309      -58.0227242       93.6819000    
   33.0000000       16.8688946      -74.7852783      -57.9163780       94.2753906    
   33.0999985       16.7015724      -74.6054153      -57.9038429       93.3402710    
   33.2000008       16.5393639      -74.1688614      -57.6295013       92.4337311    
   33.2999992       16.6562328      -73.8861237      -57.2298927       93.0868759    
   33.4000015       17.6703014      -74.7157288      -57.0454254       98.7542191    
   33.5000000       16.4245205      -74.2505798      -57.8260574       91.7919159    
   33.5999985       17.2151642      -74.4694595      -57.2542953       96.2105789    
   33.6999969       16.7813053      -74.3361206      -57.5548134       93.7858734    
   33.7999992       16.5546379      -73.9568939      -57.4022560       92.5190964    
   33.8999977       17.1552734      -74.2599106      -57.1046371       95.8758774    
   34.0000000       16.8362236      -74.2173004      -57.3810768       94.0927963    
   34.0999985       16.3173580      -73.5657654      -57.2484055       91.1930161    
   34.1999969       17.3526535      -74.0598755      -56.7072220       96.9789810    
   34.2999992       17.2460690      -74.5389786      -57.2929115       96.3833084    
   34.3999977       17.2232838      -75.0503998      -57.8271179       96.2559662    
   34.5000000       16.3470421      -74.4270096      -58.0799713       91.3589020    
   34.6000023       16.8814774      -74.4190521      -57.5375786       94.3457031    
   34.7000008       16.7192364      -74.2625580      -57.5433235       93.4389954    
   34.8000031       16.8489952      -74.2041245      -57.3551292       94.1641769    
   34.8999977       16.9059277      -74.2380066      -57.3320770       94.4823532    
   35.0000000       16.9600449      -74.2844009      -57.3243523       94.7847977    
   35.0999985       16.8953037      -74.3104019      -57.4151001       94.4229813    
   35.2000008       16.7715969      -74.1746597      -57.4030609       93.7316132    
   35.2999992       16.5033245      -73.7631226      -57.2597923       92.2323227    
   35.3999977       17.0165176      -73.8515625      -56.8350449       95.1004105    
   35.5000000       17.3892879      -74.3617325      -56.9724426       97.1837158    
   35.5999985       17.0417461      -74.6128311      -57.5710831       95.2414093    
   35.7000008       16.6490688      -74.3694534      -57.7203827       93.0468445    
   35.7999992       16.6793842      -74.1027985      -57.4234161       93.2162628    
   35.9000015       16.9936275      -74.2394409      -57.2458115       94.9724808    
   36.0000000       16.4763489      -73.8473358      -57.3709908       92.0815582    
   36.0999985       16.7866917      -73.6666260      -56.8799362       93.8159790    
   36.2000008       17.1916542      -73.9771652      -56.7855110       96.0792007    
   36.2999992       17.0183411      -74.2272110      -57.2088737       95.1106033    
   36.3999977       17.0499344      -74.4218216      -57.3718872       95.2871628    
   36.5000000       16.6158295      -74.0734787      -57.4576454       92.8610840    
   36.6000023       17.2133236      -74.3670273      -57.1537018       96.2003021    
   36.6999969       17.2659607      -74.8427963      -57.5768394       96.4944763    
   36.7999992       16.5673962      -74.6390686      -58.0716705       92.5904007    
   36.8999977       16.6837730      -74.0841141      -57.4003410       93.2407913    
   37.0000000       17.1440449      -74.4859543      -57.3419075       95.8131180    
   37.0999985       16.5839005      -74.1165466      -57.5326462       92.6826401    
   37.1999969       17.4499226      -74.6872177      -57.2372971       97.5225906    
   37.2999992       16.5352535      -74.2267532      -57.6914978       92.4107666    
   37.3999977       17.3004494      -74.7022476      -57.4017944       96.6872177    
   37.5000000       16.9427357      -74.8001633      -57.8574295       94.6880646    
   37.5999985       16.7578602      -74.6814117      -57.9235535       93.6548462    
   37.6999969       16.8058014      -74.6040268      -57.7982254       93.9227753    
   37.7999992       16.5796280      -74.2512207      -57.6715965       92.6587601    
   37.8999977       17.0331421      -74.3797302      -57.3465881       95.1933212    
   37.9999962       16.9329071      -74.4291153      -57.4962082       94.6331329    
   38.0999985       17.0491219      -74.5875549      -57.5384369       95.2826309    
   38.1999969       16.6834106      -74.3834839      -57.7000732       93.2387619    
   38.3000031       17.0873566      -74.5379410      -57.4505806       95.4963150    
   38.4000015       16.7085438      -74.3995361      -57.6909904       93.3792343    
   38.5000038       17.0077419      -74.4930725      -57.4853287       95.0513687    
   38.6000023       16.2421055      -73.8502426      -57.6081390       90.7724380    
   38.6999969       17.3899040      -74.3957062      -57.0058022       97.1871567    
   38.8000031       17.3341141      -74.9527283      -57.6186180       96.8753586    
   38.9000015       16.8370018      -74.9257202      -58.0887146       94.0971527    
   39.0000038       16.5008259      -74.4664536      -57.9656258       92.2183609    
   39.0999985       16.9104824      -74.5148926      -57.6044159       94.5078049    
   39.2000008       16.6489296      -74.2682877      -57.6193581       93.0460587    
   39.3000031       16.6437035      -73.9055634      -57.2618599       93.0168610    
   39.4000015       17.2376442      -74.3476028      -57.1099625       96.3362198    
   39.5000000       17.0131207      -74.4874573      -57.4743385       95.0814209    
   39.6000023       16.8798161      -74.5130463      -57.6332321       94.3364182    
   39.7000008       17.1540813      -74.7630463      -57.6089668       95.8692169    
   39.7999992       16.6280193      -74.4928818      -57.8648643       92.9292068    
   39.9000015       16.8268757      -74.4333267      -57.6064491       94.0405579    
   40.0000000       16.8687420      -74.4246063      -57.5558624       94.2745361    
   40.0999985       16.3807316      -73.8450928      -57.4643669       91.5471878    
   40.1999969       17.0093689      -73.9214325      -56.9120598       95.0604630    
   40.3000031       17.1000786      -74.1676102      -57.0675316       95.5674057    
   40.4000015       16.8292465      -74.0929642      -57.2637138       94.0538025    
   40.5000000       17.0481300      -74.2782822      -57.2301559       95.2770844    
   40.5999985       16.9687977      -74.3391342      -57.3703346       94.8337173    
   40.7000008       16.9259510      -74.3748093      -57.4488602       94.5942535    
   40.8000031       16.8649940      -74.3619156      -57.4969177       94.2535858    
   40.8999977       16.9177666      -74.4049759      -57.4872093       94.5485153    
   41.0000000       16.4538651      -73.9189606      -57.4650955       91.9559021    
   41.0999985       16.8938274      -73.8401947      -56.9463692       94.4147339    
   41.1999969       17.3602066      -74.3587952      -56.9985886       97.0211868    
   41.2999992       16.7126904      -74.2367020      -57.5240097       93.4024048    
   41.4000015       16.4063644      -73.7152786      -57.3089142       91.6904373    
   41.5000000       17.2697067      -74.0971909      -56.8274879       96.5154114    
   41.5999985       16.7522354      -73.9373627      -57.1851273       93.6234131    
   41.6999969       17.4623051      -74.6156921      -57.1533890       97.5917892    
   41.8000031       16.4544563      -74.0484543      -57.5939980       91.9592056    
   41.8999977       16.8825760      -73.9322128      -57.0496407       94.3518448    
   41.9999962       17.3653183      -74.4843445      -57.1190262       97.0497589    
   42.0999985       16.4734154      -73.9961319      -57.5227203       92.0651703    
   42.1999969       16.1825943      -73.0906067      -56.9080162       90.4398499    
   42.2999992       17.2242489      -73.4237595      -56.1995087       96.2613525    
   42.3999977       17.1806259      -73.7223282      -56.5417023       96.0175705    
   42.5000000       17.2303600      -74.0527039      -56.8223419       96.2955093    
   42.5999947       17.0015545      -74.1822281      -57.1806755       95.0167847    
   42.6999969       16.7201595      -74.0071487      -57.2869873       93.4441528    
   42.7999992       16.4356270      -73.5483932      -57.1127701       91.8539810    
   42.9000015       17.1575851      -73.7761383      -56.6185493       95.8888016    
   42.9999962       17.4185333      -74.3318710      -56.9133415       97.3471603    
   43.0999947       16.9487972      -74.5296173      -57.5808220       94.7219315    
   43.1999969       16.4740238      -74.0354767      -57.5614548       92.0685654    
   43.2999992       16.5162449      -73.6915817      -57.1753349       92.3045273    
   43.3999977       16.9917545      -73.7070847      -56.7153282       94.9620209    
   43.4999962       17.2702637      -74.1419067      -56.8716469       96.5185242    
   43.6000023       16.9448643      -74.1181183      -57.1732597       94.6999588    
   43.6999969       17.2379055      -74.5632629      -57.3253593       96.3376846    
   43.8000031       16.2862034      -73.9315948      -57.6453934       91.0188904    
   43.9000015       16.8871803      -73.8915482      -57.0043678       94.3775864    
   44.0000000       17.5250740      -74.5839767      -57.0589066       97.9425812    
   44.0999985       16.8476048      -74.5997086      -57.7521019       94.1564026    
   44.2000008       17.0479488      -74.7640839      -57.7161369       95.2760620    
   44.3000031       16.7784367      -74.6563492      -57.8779144       93.7698441    
   44.3999977       16.5754490      -74.2723694      -57.6969223       92.6354065    
   44.5000000       16.9526615      -74.3451309      -57.3924713       94.7435379    
   44.5999985       17.2687874      -74.7938385      -57.5250511       96.5102692    
   44.7000046       17.0203876      -74.9069519      -57.8865700       95.1220322    
   44.7999992       16.3391018      -74.3873367      -58.0482330       91.3145294    
   44.9000015       16.8471584      -74.2479324      -57.4007759       94.1539154    
   45.0000000       16.4239616      -73.7333069      -57.3093452       91.7887802    
   45.0999985       17.4778214      -74.4885483      -57.0107269       97.6785049    
   45.1999969       16.9587097      -74.4072952      -57.4485817       94.7773438    
   45.3000031       16.7847061      -74.3103027      -57.5255966       93.8048782    
   45.4000015       17.1380863      -74.4868393      -57.3487549       95.7798233    
   45.4999962       16.7397842      -74.5786819      -57.8389015       93.5538330    
   45.5999985       17.3411732      -74.9942017      -57.6530228       96.9148178    
   45.7000046       16.9168797      -75.1901016      -58.2732277       94.5435562    
   45.7999992       15.8221664      -73.9876404      -58.1654739       88.4255219    
   45.8999977       17.1046028      -74.1600876      -57.0554848       95.5926895    
   46.0000000       16.9781342      -74.2727127      -57.2945786       94.8858948    
   46.0999985       16.5992069      -73.9725113      -57.3732986       92.7681732    
   46.2000008       17.2632198      -74.3893204      -57.1261024       96.4791565    
   46.2999992       16.9572659      -74.4924622      -57.5351944       94.7692642    
   46.4000015       16.6856136      -74.2699890      -57.5843735       93.2510757    
   46.5000000       16.8886375      -74.2615738      -57.3729401       94.3857269    
   46.5999947       16.7551918      -74.0967636      -57.3415680       93.6399384    
   46.7000008       17.2821541      -74.5053864      -57.2232323       96.5849762    
   46.8000031       16.6773453      -74.2751083      -57.5977592       93.2048721    
   46.8999977       17.4747868      -74.9043274      -57.4295387       97.6615448    
   46.9999962       16.6833973      -74.7641907      -58.0807915       93.2387009    
   47.0999985       17.0049133      -74.8641815      -57.8592720       95.0355530    
   47.2000008       16.3078747      -74.2231750      -57.9153023       91.1400070    
   47.2999992       17.0183773      -74.2949524      -57.2765732       95.1108093    
   47.3999977       17.1811485      -74.6001434      -57.4189949       96.0204849    
   47.5000000       17.2492199      -75.1322632      -57.8830414       96.4009094    
   47.5999947       16.7122345      -75.0274582      -58.3152199       93.3998566    
   47.7000008       16.7024441      -74.7469101      -58.0444641       93.3451385    
   47.7999992       16.7313099      -74.6095657      -57.8782578       93.5064621    
   47.9000015       16.9835682      -74.7368317      -57.7532654       94.9162674    
   47.9999962       17.1065731      -74.9262924      -57.8197212       95.6037064    
   48.0999947       16.4426479      -74.4921188      -58.0494728       91.8932114    
   48.2000008       16.8999081      -74.4639053      -57.5639992       94.4487152    
   48.2999992       16.6193352      -74.1879959      -57.5686607       92.8806686    
   48.3999977       17.3393822      -74.6201096      -57.2807274       96.9048004    
   48.4999962       16.9434700      -74.8553314      -57.9118576       94.6921692    
   48.5999985       16.3220768      -74.2679443      -57.9458694       91.2193832    
   48.7000008       16.9685593      -74.2817154      -57.3131523       94.8323822    
   48.8000031       17.2645950      -74.6656189      -57.4010277       96.4868393    
   48.9000015       16.8500652      -74.6547012      -57.8046341       94.1701508    
   49.0000000       16.6620960      -74.4566574      -57.7945595       93.1196442    
   49.0999985       16.6956768      -74.1776581      -57.4819794       93.3073196    
   49.2000046       17.2545071      -74.6290665      -57.3745613       96.4304657    
   49.3000031       16.4175472      -74.0371780      -57.6196327       91.7529373    
   49.3999977       16.7495327      -73.9302902      -57.1807594       93.6083069    
   49.5000000       17.2902851      -74.4244232      -57.1341362       96.6304169    
   49.5999985       17.0045547      -74.4656219      -57.4610672       95.0335464    
   49.7000046       16.7219753      -74.2547531      -57.5327759       93.4542999    
   49.7999992       16.7659302      -74.2102661      -57.4443398       93.6999512    
   49.9000015       17.0855370      -74.3325272      -57.2469902       95.4861298    
   50.0000000       16.7158432      -74.1612625      -57.4454155       93.4200287    
   50.0999985       16.9032307      -74.1669846      -57.2637558       94.4672775    
   50.2000008       17.1382923      -74.4788361      -57.3405418       95.7809753    
   50.3000031       16.5182304      -74.0636215      -57.5453911       92.3156281    
   50.4000015       17.1221828      -74.2032394      -57.0810585       95.6909409    
   50.4999962       17.0567989      -74.4799881      -57.4231834       95.3255310    
   50.5999985       17.1626835      -74.7341614      -57.5714836       95.9172821    
   50.7000008       17.0215778      -74.8586655      -57.8370895       95.1286926    
   50.7999992       16.4752769      -74.4634628      -57.9881821       92.0755768    
   50.8999977       16.2790775      -73.8084869      -57.5294113       90.9790649    
   51.0000000       17.2215977      -74.0710678      -56.8494682       96.2465439    
   51.0999985       17.0065956      -74.2847900      -57.2781944       95.0449600    
   51.2000008       17.0267391      -74.4444580      -57.4177170       95.1575317    
   51.2999992       16.5220356      -74.0222168      -57.5001831       92.3368912    
   51.4000015       16.4153786      -73.6095123      -57.1941338       91.7408218    
   51.4999962       17.9817657      -74.6951828      -56.7134132       100.494904    
   51.5999947       17.1603203      -75.0945587      -57.9342422       95.9040756    
   51.7000008       16.4033890      -74.5355988      -58.1322098       91.6738129    
   51.7999992       16.5593815      -74.0971527      -57.5377693       92.5456085    
   51.8999977       17.2995338      -74.5770721      -57.2775383       96.6820984    
   51.9999962       16.8657284      -74.5721512      -57.7064247       94.2576828    
   52.0999985       17.0705166      -74.7569733      -57.6864510       95.4021988    
   52.2000008       16.9025383      -74.8440781      -57.9415359       94.4634094    
   52.2999992       16.6858768      -74.5631027      -57.8772316       93.2525482    
   52.3999977       16.9479218      -74.6226883      -57.6747665       94.7170486    
   52.5000000       16.6416264      -74.4022751      -57.7606506       93.0052567    
   52.5999947       16.8924599      -74.3553543      -57.4628944       94.4070816    
   52.6999969       16.9161739      -74.4063721      -57.4901962       94.5396118    
   52.7999992       17.2519035      -74.7611160      -57.5092125       96.4159088    
   52.8999977       16.4265518      -74.2387314      -57.8121796       91.8032684    
   52.9999962       16.8160782      -74.1708145      -57.3547401       93.9802094    
   53.0999947       17.0855827      -74.3863144      -57.3007317       95.4863968    
   53.2000008       16.4389744      -73.8564529      -57.4174805       91.8726883    
   53.2999954       17.2270355      -74.3178558      -57.0908203       96.2769318    
   53.3999977       16.7595577      -74.2357712      -57.4762115       93.6643295    
   53.4999962       17.2333622      -74.5840073      -57.3506432       96.3122940    
   53.6000023       16.6148376      -74.2895889      -57.6747513       92.8555374    
   53.6999969       16.9925499      -74.3964539      -57.4039040       94.9664612    
   53.8000031       17.2773647      -74.7788849      -57.5015182       96.5582123    
   53.9000015       16.7239037      -74.7013702      -57.9774666       93.4650726    
   53.9999962       16.8088474      -74.5683441      -57.7594986       93.9398041    
   54.1000023       16.6115322      -74.2739334      -57.6624031       92.8370590    
   54.2000008       16.7865810      -74.1608658      -57.3742867       93.8153610    
   54.3000031       16.7604637      -73.9929047      -57.2324371       93.6694031    
   54.3999977       16.9110165      -74.0430832      -57.1320686       94.5107880    
   54.5000000       17.1006241      -74.2908020      -57.1901741       95.5704575    
   54.6000023       16.8152790      -74.1998596      -57.3845825       93.9757385    
   54.7000008       16.5445461      -73.8659668      -57.3214226       92.4626999    
   54.7999992       17.0915375      -73.9965744      -56.9050369       95.5196762    
   54.9000015       16.8742008      -74.0490875      -57.1748810       94.3050461    
   55.0000000       17.0156288      -74.1335220      -57.1178970       95.0954361    
   55.1000023       16.7468929      -74.0035095      -57.2566185       93.5935516    
   55.2000008       16.8862953      -73.9512482      -57.0649490       94.3726349    
   55.2999992       17.0488243      -74.1234741      -57.0746460       95.2809601    
   55.4000015       16.8479977      -74.1144867      -57.2664909       94.1585922    
   55.4999962       16.5946751      -73.7226562      -57.1279831       92.7428513    
   55.6000023       17.0275402      -73.8728256      -56.8452835       95.1620178    
   55.7000008       16.8972168      -73.8659515      -56.9687386       94.4336700    
   55.7999992       17.1525364      -74.1578140      -57.0052757       95.8605804    
   55.8999977       17.1782036      -74.4847641      -57.3065605       96.0040207    
   56.0000000       16.3894329      -73.9831924      -57.5937614       91.5958176    
   56.1000023       16.9794636      -74.0512772      -57.0718155       94.8933182    
   56.2000008       17.1844826      -74.2794800      -57.0949936       96.0391159    
   56.2999992       17.2210846      -74.8530884      -57.6320038       96.2436676    
   56.3999977       16.6366425      -74.6095352      -57.9728889       92.9774017    
   56.4999962       16.8203430      -74.5295334      -57.7091904       94.0040512    
   56.5999985       17.1228085      -74.8056183      -57.6828079       95.6944351    
   56.7000008       16.7572765      -74.6436996      -57.8864250       93.6515808    
   56.7999992       16.5676422      -74.3110046      -57.7433662       92.5917664    
   56.8999977       16.7688484      -74.1082153      -57.3393631       93.7162552    
   56.9999962       17.0263615      -74.2159042      -57.1895447       95.1554184    
   57.1000023       17.4932003      -74.8489838      -57.3557777       97.7644501    
   57.2000008       16.4759369      -74.4861450      -58.0102081       92.0792618    
   57.2999992       16.4964962      -73.9621658      -57.4656715       92.1941605    
   57.3999977       17.0120411      -74.0480728      -57.0360336       95.0753937    
   57.4999962       17.0449085      -74.1768494      -57.1319466       95.2590790    
   57.5999985       16.8356552      -74.1067810      -57.2711258       94.0896225    
   57.6999969       17.3357010      -74.6205292      -57.2848282       96.8842316    
   57.7999992       16.9273911      -74.6001358      -57.6727486       94.6023102    
   57.8999977       16.4775295      -74.1654510      -57.6879234       92.0881577    
   57.9999962       16.8788185      -74.0688553      -57.1900368       94.3308563    
   58.0999985       17.2188931      -74.4434128      -57.2245178       96.2314224    
   58.2000008       16.4694405      -73.9507446      -57.4813004       92.0429535    
   58.2999954       17.3057346      -74.2874756      -56.9817467       96.7167587    
   58.3999977       17.3874836      -74.8285217      -57.4410362       97.1736298    
   58.4999962       16.9594669      -75.0110321      -58.0515633       94.7815704    
   58.6000023       16.5984230      -74.7022552      -58.1038322       92.7637939    
   58.6999969       16.7082710      -74.5354309      -57.8271599       93.3777161    
   58.7999954       16.3540020      -73.8635330      -57.5095329       91.3977966    
   58.9000015       16.4914894      -73.3925934      -56.9011002       92.1661758    
   58.9999962       17.3705387      -73.9834366      -56.6128998       97.0789337    
   59.1000023       17.1426697      -74.2494583      -57.1067924       95.8054352    
   59.2000008       17.6314564      -75.0977020      -57.4662399       98.5371246    
   59.3000031       17.1967964      -75.5358200      -58.3390274       96.1079330    
   59.3999977       16.2332306      -74.8330002      -58.5997696       90.7228394    
   59.5000000       16.8539658      -74.7487259      -57.8947601       94.1919556    
   59.6000023       16.6723938      -74.4814072      -57.8090134       93.1772003    
   59.7000008       16.9483871      -74.5443420      -57.5959549       94.7196503    
   59.7999992       16.9540710      -74.6390686      -57.6849937       94.7514191    
   59.9000015       16.2089024      -73.8996582      -57.6907539       90.5868759    
   60.0000000       17.3530903      -74.4014359      -57.0483437       96.9814224    
   60.0999985       16.6871681      -74.2193756      -57.5322037       93.2597733    
   60.2000008       17.0931587      -74.4088211      -57.3156586       95.5287323    
   60.2999992       16.7167263      -74.2560959      -57.5393677       93.4249649    
   60.3999977       17.2124615      -74.5090408      -57.2965775       96.1954880    
   60.4999962       16.7161999      -74.4082108      -57.6920090       93.4220200    
   60.6000023       16.7432709      -74.2455750      -57.5023003       93.5733185    
   60.7000008       17.0308475      -74.3997879      -57.3689346       95.1804962    
   60.7999992       16.4513969      -73.9097748      -57.4583778       91.9421158    
   60.8999977       17.1804237      -74.2051315      -57.0247040       96.0164337    
   61.0000000       16.6443081      -73.9561005      -57.3117905       93.0202332    
   61.1000023       17.2868671      -74.3630447      -57.0761757       96.6113129    
   61.1999969       16.6013203      -74.1175079      -57.5161896       92.7799911    
   61.2999992       16.5394363      -73.5385056      -56.9990730       92.4341431    
   61.3999977       17.3613567      -74.0558090      -56.6944542       97.0276184    
   61.4999962       16.6884804      -73.8197479      -57.1312675       93.2671051    
   61.5999985       17.3743534      -74.3699493      -56.9955940       97.1002502    
   61.7000008       16.8411369      -74.2562027      -57.4150658       94.1202621    
   61.7999992       16.9423809      -74.2791672      -57.3367844       94.6860809    
   61.8999977       17.2966938      -74.7086487      -57.4119568       96.6662292    
   62.0000000       16.6240997      -74.4453812      -57.8212814       92.9072952    
   62.1000023       16.6742516      -74.2237625      -57.5495148       93.1875839    
   62.1999969       17.1915665      -74.5085602      -57.3169899       96.0787048    
   62.2999954       16.7566147      -74.3752975      -57.6186790       93.6478882    
   62.3999977       17.1316490      -74.5687790      -57.4371300       95.7438431    
   62.5000038       16.8464909      -74.5442886      -57.6977959       94.1501770    
   62.5999985       16.9700451      -74.6334000      -57.6633606       94.8406906    
   62.6999969       16.7271729      -74.5611954      -57.8340225       93.4833450    
   62.7999992       16.7308941      -74.3413467      -57.6104507       93.5041428    
   62.8999977       17.2418995      -74.7589111      -57.5170135       96.3600006    
   63.0000000       16.8629341      -74.7181320      -57.8551979       94.2420807    
   63.0999985       16.6468983      -74.5046005      -57.8577042       93.0347214    
   63.2000008       16.8531380      -74.3941956      -57.5410614       94.1873322    
   63.2999954       17.3767433      -74.9358673      -57.5591240       97.1136093    
   63.3999939       16.5846119      -74.4791336      -57.8945198       92.6866150    
   63.5000000       17.0245476      -74.6625443      -57.6379967       95.1452789    
   63.6000023       15.9944277      -73.7077942      -57.7133675       89.3882446    
   63.6999969       17.4701862      -74.2045135      -56.7343254       97.6358337    
   63.7999954       16.8641376      -74.2942657      -57.4301262       94.2488098    
   63.8999977       16.8431110      -74.2267914      -57.3836823       94.1312866    
   63.9999962       17.5416565      -74.9789200      -57.4372635       98.0352554    
   64.0999985       16.8898373      -75.0143661      -58.1245270       94.3924255    
   64.2000046       16.6273117      -74.6920471      -58.0647392       92.9252548    
   64.3000031       16.8766060      -74.6911011      -57.8144951       94.3184814    
   64.4000015       16.6678085      -74.4704514      -57.8026428       93.1515732    
   64.5000000       17.1060200      -74.7457123      -57.6396904       95.6006088    
   64.6000061       16.9988651      -74.7946320      -57.7957687       95.0017548    
   64.6999969       17.4810143      -75.5154724      -58.0344582       97.6963501    
   64.7999954       16.2879066      -74.8787460      -58.5908394       91.0284119    
   64.9000015       16.4718323      -74.4876328      -58.0158005       92.0563202    
   65.0000076       16.5573006      -73.9267426      -57.3694458       92.5339813    
   65.0999985       17.2421188      -74.2623672      -57.0202484       96.3612289    
   65.1999969       17.0740166      -74.5261612      -57.4521484       95.4217529    
   65.3000031       16.4499321      -74.0774384      -57.6275063       91.9339218    
   65.3999939       16.9758244      -74.0713348      -57.0955086       94.8729935    
   65.5000000       17.0330467      -74.2161636      -57.1831131       95.1927872    
   65.5999985       17.4110909      -74.7976913      -57.3865967       97.3055725    
   65.7000046       16.9958401      -74.9268875      -57.9310493       94.9848480    
   65.7999954       16.8795528      -74.9052048      -58.0256538       94.3349533    
   65.8999939       17.1251717      -75.1706085      -58.0454369       95.7076416    
   66.0000000       16.4809704      -74.7523270      -58.2713585       92.1073914    
   66.1000061       16.6250763      -74.4079361      -57.7828598       92.9127579    
   66.1999969       17.0155830      -74.5515060      -57.5359192       95.0951843    
   66.2999954       16.8551216      -74.4398041      -57.5846786       94.1984100    
   66.4000015       17.1545525      -74.7732697      -57.6187172       95.8718414    
   66.5000000       17.0541782      -74.9675446      -57.9133682       95.3108902    
   66.5999985       16.7858734      -74.8756409      -58.0897675       93.8114014    
   66.6999969       17.1429405      -75.1298523      -57.9869118       95.8069458    
   66.8000031       16.8221645      -75.0811768      -58.2590103       94.0142288    
   66.8999939       16.4074192      -74.4929581      -58.0855446       91.6963348    
   67.0000000       16.7921314      -74.3764038      -57.5842781       93.8463821    
   67.0999985       17.0071926      -74.4764175      -57.4692230       95.0482941    
   67.1999969       16.3240490      -73.9533310      -57.6292801       91.2304077    
   67.2999954       16.8407726      -73.7581711      -56.9174004       94.1182251    
   67.3999939       16.9287033      -73.8600693      -56.9313698       94.6096420    
   67.5000000       17.4526024      -74.4557266      -57.0031242       97.5375595    
   67.5999985       17.0487385      -74.7645950      -57.7158585       95.2804871    
   67.6999969       16.3733788      -74.1795654      -57.8061867       91.5060883    
   67.7999954       17.1423130      -74.4676056      -57.3252907       95.8034439    
   67.8999939       16.7051315      -74.2867355      -57.5816078       93.3601685    
   68.0000000       17.2477760      -74.6320877      -57.3843079       96.3928452    
   68.0999985       17.1547680      -74.9315033      -57.7767372       95.8730469    
   68.1999969       16.5884552      -74.6448822      -58.0564270       92.7080841    
   68.2999954       17.0021648      -74.7566986      -57.7545357       95.0201950    
   68.3999939       16.7294979      -74.6085281      -57.8790283       93.4963379    
   68.5000000       16.5991402      -74.2523041      -57.6531677       92.7678070    
   68.5999985       16.7632942      -74.1158295      -57.3525391       93.6852112    
   68.6999969       17.2834797      -74.5399551      -57.2564774       96.5923843    
   68.7999954       16.9454937      -74.6804810      -57.7349892       94.7034760    
   68.8999939       16.8745556      -74.6680603      -57.7935066       94.3070221    
   69.0000000       16.9195442      -74.7085266      -57.7889824       94.5584488    
   69.0999985       16.5450573      -74.3408508      -57.7957954       92.4655533    
   69.2000046       17.0149250      -74.4552078      -57.4402809       95.0915070    
   69.2999954       16.7416668      -74.3526535      -57.6109886       93.5643463    
   69.4000015       16.9356689      -74.3779297      -57.4422607       94.6485748    
   69.5000000       16.8519516      -74.4085617      -57.5566139       94.1807022    
   69.6000061       16.8507328      -74.3344116      -57.4836807       94.1738815    
   69.6999969       16.9306469      -74.3941422      -57.4634972       94.6204987    
   69.7999954       16.9469929      -74.3998566      -57.4528618       94.7118530    
   69.9000015       17.2507191      -74.8073425      -57.5566216       96.4092865    
   70.0000000       16.8240452      -74.7458725      -57.9218216       94.0247345    
   70.0999985       16.6563835      -74.4728317      -57.8164444       93.0877228    
   70.1999969       17.0343876      -74.6192169      -57.5848312       95.2002792    
   70.3000031       16.8240204      -74.4996719      -57.6756477       94.0246048    
   70.4000015       16.8620682      -74.4507294      -57.5886612       94.2372284    
   70.5000000       16.9610271      -74.5762863      -57.6152649       94.7902832    
   70.5999985       16.7871990      -74.4267960      -57.6396027       93.8188095    
   70.7000046       16.7960701      -74.3686218      -57.5725517       93.8683853    
   70.7999954       17.1611881      -74.5752411      -57.4140511       95.9089279    
   70.9000015       16.4232330      -74.0696335      -57.6464005       91.7847061    
   71.0000000       17.4727688      -74.7049713      -57.2322044       97.6502609    
   71.0999985       16.6696072      -74.5227966      -57.8531914       93.1616211    
   71.1999969       16.6795216      -74.3172531      -57.6377296       93.2170410    
   71.2999954       17.0093632      -74.4661865      -57.4568291       95.0604248    
   71.4000015       16.8624458      -74.4244003      -57.5619583       94.2393417    
   71.5000000       16.7792473      -74.3174515      -57.5382080       93.7743759    
   71.5999985       17.0131912      -74.4363327      -57.4231415       95.0818176    
   71.6999969       16.6878433      -74.2494431      -57.5615997       93.2635422    
   71.8000031       16.8637581      -74.1595078      -57.2957497       94.2466812    
   71.9000015       17.0414543      -74.3601761      -57.3187218       95.2397766    
   72.0000000       17.3937550      -74.8573761      -57.4636230       97.2086792    
   72.0999985       16.2646408      -74.2282410      -57.9636002       90.8983841    
   72.1999969       17.1247292      -74.3958054      -57.2710800       95.7051697    
   72.2999954       16.6990929      -74.2180099      -57.5189133       93.3264160    
   72.4000015       16.9481201      -74.2171326      -57.2690125       94.7181549    
   72.5000000       16.6109619      -73.9072800      -57.2963219       92.8338776    
   72.5999985       17.0252991      -74.1057968      -57.0805016       95.1494904    
   72.6999969       16.8511429      -73.9928589      -57.1417160       94.1761856    
   72.7999954       16.9818249      -74.1069946      -57.1251717       94.9065247    
   72.9000015       17.1030884      -74.3277283      -57.2246399       95.5842285    
   73.0000000       17.2888737      -74.7459488      -57.4570808       96.6225281    
   73.0999908       16.3659420      -74.2317352      -57.8657875       91.4645233    
   73.2000046       16.9516926      -74.1421051      -57.1904144       94.7381287    
   73.2999954       17.1946545      -74.5023422      -57.3076859       96.0959625    
   73.3999939       16.6080227      -74.1678467      -57.5598259       92.8174438    
   73.4999924       16.8640804      -74.1624222      -57.2983398       94.2484741    
   73.5999985       16.9604721      -74.2723007      -57.3118286       94.7871933    
   73.6999969       16.9784260      -74.2953873      -57.3169632       94.8875198    
   73.7999954       17.1296978      -74.6193008      -57.4896049       95.7329330    
   73.8999939       16.4302158      -74.1647263      -57.7345047       91.8237381    
   74.0000000       16.8393345      -74.0032120      -57.1638794       94.1101761    
   74.0999985       17.1933918      -74.3320312      -57.1386414       96.0889130    
   74.1999969       16.7557755      -74.2179413      -57.4621658       93.6431961    
   74.2999954       16.7816715      -74.1123886      -57.3307152       93.7879181    
   74.3999939       17.0533772      -74.2560120      -57.2026329       95.3064117    
   74.5000000       17.3625488      -74.7841263      -57.4215813       97.0342789    
   74.5999985       16.6236763      -74.6168976      -57.9932213       92.9049301    
   74.6999969       16.4351311      -74.1267929      -57.6916618       91.8512039    
   74.7999954       17.0775986      -74.2728729      -57.1952744       95.4417725    
   74.9000015       17.1245995      -74.5117264      -57.3871307       95.7044525    
   75.0000000       17.0847492      -74.7326279      -57.6478806       95.4817352    
   75.0999908       17.0938034      -74.8859863      -57.7921791       95.5323410    
   75.1999969       16.7316513      -74.8199768      -58.0883255       93.5083694    
   75.3000031       16.5645332      -74.4066696      -57.8421326       92.5743942    
   75.3999939       17.1058693      -74.6238327      -57.5179672       95.5997696    
   75.4999924       17.2055302      -75.0243225      -57.8187904       96.1567459    
   75.5999985       16.9124355      -75.1526184      -58.2401848       94.5187225    
   75.6999969       16.1283379      -74.2899323      -58.1615982       90.1366272    
   75.7999954       16.6362000      -73.9783478      -57.3421440       92.9749222    
   75.8999939       16.7361870      -73.8288956      -57.0927048       93.5337219    
   75.9999924       16.9772186      -73.9053345      -56.9281158       94.8807755    
   76.0999985       17.2597027      -74.3074646      -57.0477638       96.4594955    
   76.1999969       16.4866066      -73.8501740      -57.3635674       92.1388931    
   76.2999954       17.6823597      -74.7445908      -57.0622330       98.8216019    
   76.3999939       15.9893293      -73.6333008      -57.6439743       89.3597488    
   76.4999924       17.1250591      -73.8927994      -56.7677422       95.7070236    
   76.6000061       17.1729393      -74.1860580      -57.0131226       95.9746017    
   76.6999969       17.1099167      -74.4055405      -57.2956276       95.6223831    
   76.8000031       16.4961586      -74.0444336      -57.5482712       92.1922760    
   76.9000015       17.1540852      -74.2150345      -57.0609512       95.8692322    
   77.0000076       17.1333389      -74.5037537      -57.3704224       95.7532883    
   77.1000061       16.6616383      -74.3081818      -57.6465454       93.1170959    
   77.2000046       17.0562305      -74.4156952      -57.3594627       95.3223572    
   77.3000031       16.8027191      -74.3793335      -57.5766182       93.9055481    
   77.3999939       16.7527924      -74.2503128      -57.4975204       93.6265182    
   77.5000076       17.0665836      -74.3927383      -57.3261490       95.3802185    
   77.6000061       17.1538334      -74.7355576      -57.5817223       95.8678284    
   77.6999969       16.9842014      -74.8024216      -57.8182182       94.9198074    
   77.8000031       16.5103855      -74.3812027      -57.8708191       92.2717819    
   77.8999939       16.6738319      -74.1636505      -57.4898224       93.1852417    
   78.0000076       17.2341499      -74.4618988      -57.2277489       96.3166962    
   78.1000061       16.8629990      -74.5726395      -57.7096405       94.2424393    
   78.1999969       16.4656544      -74.0609055      -57.5952492       92.0217896    
   78.3000107       17.0134296      -74.3180695      -57.3046417       95.0831528    
   78.4000015       16.8661690      -74.2583008      -57.3921318       94.2601624    
   78.5000000       17.2271461      -74.5702744      -57.3431282       96.2775574    
   78.6000061       16.4164906      -74.0913086      -57.6748161       91.7470322    
   78.6999969       17.1763935      -74.4568863      -57.2804909       95.9939117    
   78.8000031       16.5142555      -74.0297928      -57.5155411       92.2934113    
   78.9000015       16.8208637      -73.9080963      -57.0872307       94.0069580    
   79.0000000       16.7494793      -73.7550278      -57.0055542       93.6080017    
   79.0999985       17.1489697      -74.0293579      -56.8803902       95.8406448    
   79.2000046       17.1505432      -74.3900528      -57.2395058       95.8494415    
   79.3000031       16.9636021      -74.4278946      -57.4642906       94.8046799    
   79.4000015       16.5024738      -74.0050125      -57.5025368       92.2275620    
   79.5000000       17.3923683      -74.6016083      -57.2092400       97.2009354    
   79.5999985       17.2835560      -74.9184418      -57.6348839       96.5928116    
   79.7000046       16.7427139      -74.8209610      -58.0782509       93.5701981    
   79.8000031       16.2974834      -74.1384354      -57.8409538       91.0819397    
   79.8999939       16.6734982      -73.9639511      -57.2904587       93.1833725    
   80.0000000       16.6168118      -73.6099625      -56.9931526       92.8665695    
   80.1000061       17.0591373      -73.8384552      -56.7793159       95.3386002    
   80.1999969       17.4266510      -74.3285828      -56.9019356       97.3925247    
   80.3000031       17.1188240      -74.8175964      -57.6987724       95.6721649    
   80.3999939       17.1693974      -75.1063614      -57.9369621       95.9548111    
   80.5000076       16.2064381      -74.3471756      -58.1407356       90.5731125    
   80.6000061       16.7782650      -74.1510925      -57.3728294       93.7688828    
   80.6999969       17.0337162      -74.2392426      -57.2055244       95.1965256    
   80.8000031       17.5332909      -75.0065002      -57.4732094       97.9885025    
   80.8999939       17.0117035      -75.1124191      -58.1007118       95.0735016    
   81.0000000       16.1395798      -74.3634796      -58.2238960       90.1994553    
   81.1000061       17.2179070      -74.5351334      -57.3172264       96.2259216    
   81.1999969       16.8224545      -74.4945145      -57.6720619       94.0158463    
   81.2999954       16.3856678      -74.0263596      -57.6406937       91.5747681    
   81.4000015       17.0720310      -74.1066971      -57.0346680       95.4106598    
   81.5000000       16.6898193      -73.8681107      -57.1782913       93.2745895    
   81.6000061       16.7356911      -73.7469330      -57.0112419       93.5309525    
   81.6999969       17.2401524      -74.0896988      -56.8495445       96.3502350    
   81.7999954       17.0086098      -74.2840042      -57.2753906       95.0562134    
   81.9000015       17.2368450      -74.6363831      -57.3995361       96.3317566    
   82.0000000       16.8219872      -74.5917435      -57.7697525       94.0132294    
   82.0999985       16.7169704      -74.4578552      -57.7408867       93.4263229    
   82.1999969       16.6199493      -74.1217041      -57.5017548       92.8841019    
   82.3000031       16.6951904      -73.8521271      -57.1569366       93.3046036    
   82.3999939       17.1220703      -74.1471024      -57.0250320       95.6903152    
   82.5000000       16.8917103      -74.0843277      -57.1926193       94.4028931    
   82.5999985       17.2016773      -74.4529648      -57.2512856       96.1352158    
   82.6999893       17.0771484      -74.6858673      -57.6087189       95.4392548    
   82.8000031       17.1375294      -74.9577637      -57.8202362       95.7767105    
   82.8999939       17.0215702      -75.0793076      -58.0577393       95.1286469    
   83.0000000       16.6549149      -74.8714523      -58.2165337       93.0795212    
   83.0999985       16.6349258      -74.5654221      -57.9304962       92.9678040    
   83.1999969       16.5626850      -74.2515869      -57.6889000       92.5640717    
   83.3000031       17.1243992      -74.4504700      -57.3260689       95.7033310    
   83.3999939       16.4754677      -74.0444412      -57.5689774       92.0766449    
   83.4999924       17.1345673      -74.0726242      -56.9380531       95.7601624    
   83.6000061       16.8620720      -74.1390152      -57.2769394       94.2372589    
   83.6999969       16.7329674      -73.9890747      -57.2561111       93.5157318    
   83.7999954       17.1274662      -74.1382751      -57.0108070       95.7204666    
   83.8999939       16.6653061      -73.9177551      -57.2524452       93.1375885    
   83.9999924       17.0444641      -74.1310654      -57.0865974       95.2565994    
   84.1000061       17.1671867      -74.3832092      -57.2160225       95.9424515    
   84.1999969       17.0921478      -74.6502457      -57.5580978       95.5230789    
   84.2999954       16.7211704      -74.4451065      -57.7239418       93.4497910    
   84.3999939       17.0063744      -74.6171188      -57.6107407       95.0437164    
   84.5000000       16.7347527      -74.3649445      -57.6301918       93.5257034    
   84.5999985       16.4815025      -73.9328461      -57.4513435       92.1103592    
   84.6999969       17.0068760      -74.1195145      -57.1126404       95.0465317    
   84.7999954       16.7379894      -73.9462357      -57.2082481       93.5437927    
   84.8999863       17.1001263      -74.2407074      -57.1405830       95.5676804    
   85.0000000       16.7077103      -73.9871140      -57.2794037       93.3745728    
   85.0999985       16.9178562      -74.0691147      -57.1512566       94.5490189    
   85.1999893       16.8237247      -74.0058975      -57.1821747       94.0229416    
   85.2999954       17.0511742      -74.1257706      -57.0745964       95.2940979    
   85.3999939       17.1825867      -74.5115128      -57.3289261       96.0285187    
   85.5000000       17.1997337      -74.8468323      -57.6470947       96.1243439    
   85.5999985       16.7347107      -74.6915359      -57.9568253       93.5254745    
   85.6999893       16.6298237      -74.4251633      -57.7953377       92.9392929    
   85.8000031       17.1114330      -74.6425018      -57.5310669       95.6308670    
   85.8999939       16.8678360      -74.6793289      -57.8114967       94.2694626    
   85.9999924       16.6706600      -74.4176788      -57.7470207       93.1675110    
   86.0999985       16.7435379      -74.2729797      -57.5294380       93.5747986    
   86.1999893       16.8986092      -74.2302399      -57.3316307       94.4414520    
   86.2999954       16.3295479      -73.7063675      -57.3768196       91.2611313    
   86.3999939       16.8489532      -73.5348892      -56.6859322       94.1639404    
   86.4999924       18.0481987      -74.7752151      -56.7270164       100.866173    
   86.5999985       16.7993603      -74.6085434      -57.8091812       93.8867798    
   86.6999969       16.1867867      -73.8873596      -57.7005730       90.4632797    
   86.7999954       17.2531071      -74.2542953      -57.0011864       96.4226379    
   86.8999939       16.9729252      -74.3015137      -57.3285942       94.8567810    
   86.9999924       16.6965618      -74.1383209      -57.4417610       93.3122711    
   87.1000061       16.6666527      -73.8602142      -57.1935616       93.1451111    
   87.2000046       17.4764118      -74.4931030      -57.0166969       97.6706161    
   87.3000031       16.6105175      -74.2538910      -57.6433678       92.8313904    
   87.3999939       16.5856209      -73.9146881      -57.3290634       92.6922455    
   87.5000076       17.0489807      -74.0731812      -57.0242043       95.2818298    
   87.6000061       16.7552776      -73.9173126      -57.1620331       93.6404114    
   87.6999969       16.8180332      -73.8133926      -56.9953613       93.9911346    
   87.8000031       17.1580238      -74.1279984      -56.9699783       95.8912430    
   87.8999939       16.5404358      -73.7514496      -57.2110138       92.4397278    
   88.0000000       17.3356228      -74.2438660      -56.9082451       96.8837967    
   88.1000061       16.7999897      -74.1861649      -57.3861732       93.8902969    
   88.1999969       16.7692814      -73.9878845      -57.2186050       93.7186813    
   88.3000031       17.2294426      -74.3847809      -57.1553421       96.2903824    
   88.4000015       16.5211926      -73.9564514      -57.4352570       92.3321762    
   88.5000000       17.1464939      -74.2485886      -57.1020927       95.8268127    
   88.6000061       15.9780293      -73.2619247      -57.2838936       89.2966003    
   88.6999969       17.5893211      -74.0948944      -56.5055771       98.3016357    
   88.7999954       17.1625328      -74.3849945      -57.2224541       95.9164505    
   88.9000092       16.7511616      -74.2958755      -57.5447121       93.6174088    
   89.0000000       16.7166309      -74.0705795      -57.3539505       93.4244308    
   89.0999985       16.9133015      -74.0688629      -57.1555595       94.5235672    
   89.1999969       17.2791729      -74.4990311      -57.2198601       96.5683136    
   89.3000031       16.6469498      -74.2711639      -57.6242180       93.0349960    
   89.4000092       16.8553486      -74.1809082      -57.3255615       94.1996841    
   89.5000000       17.5150661      -74.8386230      -57.3235550       97.8866501    
   89.5999985       16.8044643      -74.8812180      -58.0767555       93.9153061    
   89.7000046       16.5758801      -74.5160294      -57.9401512       92.6378098    
   89.8000031       16.9342556      -74.5744858      -57.6402283       94.6406708    
   89.8999939       16.6744804      -74.3691940      -57.6947098       93.1888657    
   90.0000000       16.9424553      -74.4093323      -57.4668770       94.6865005    
   90.1000061       16.7935638      -74.3188705      -57.5253029       93.8543930    
   90.1999969       16.7313480      -74.0718079      -57.3404617       93.5066833    
   90.3000031       16.8613300      -74.0352631      -57.1739311       94.2331085    
   90.3999939       16.8822212      -74.0307922      -57.1485748       94.3498688    
   90.5000000       17.0002308      -74.0576172      -57.0573883       95.0093842    
   90.6000061       16.8114109      -73.9940262      -57.1826134       93.9541321    
   90.6999969       17.0556641      -74.1964722      -57.1408119       95.3191910    
   90.8000031       16.8909664      -74.2479477      -57.3569794       94.3987350    
   90.9000015       17.2587395      -74.6136322      -57.3548965       96.4541168    
   90.9999924       17.0879288      -74.9338379      -57.8459091       95.4995041    
   91.1000061       16.7587090      -74.8014908      -58.0427818       93.6595917    
   91.1999969       17.1894703      -75.1395645      -57.9500961       96.0669937    
   91.2999954       16.2623253      -74.4927139      -58.2303925       90.8854446    
   91.4000092       17.3495274      -74.9535446      -57.6040154       96.9615097    
   91.5000000       16.8370762      -74.9865952      -58.1495171       94.0975647    
   91.5999985       16.2684841      -74.3040009      -58.0355148       90.9198685    
   91.6999969       16.7891579      -74.1724625      -57.3833008       93.8297653    
   91.7999954       16.9179668      -74.2038956      -57.2859268       94.5496368    
   91.9000092       16.7563248      -74.0283203      -57.2719917       93.6462708    
   92.0000000       17.1732254      -74.3573151      -57.1840820       95.9762115    
   92.0999985       16.7710419      -74.2380753      -57.4670296       93.7285080    
   92.1999969       16.9673500      -74.3275681      -57.3602219       94.8256226    
   92.3000031       16.7250633      -74.1231384      -57.3980713       93.4715576    
   92.4000015       16.8606014      -74.0965881      -57.2359848       94.2290421    
   92.5000000       16.3983517      -73.5402145      -57.1418648       91.6456528    
   92.5999985       17.5280495      -74.2721481      -56.7441025       97.9592133    
   92.6999893       16.6833572      -74.0461044      -57.3627472       93.2384720    
   92.8000031       17.0896072      -74.2316818      -57.1420746       95.5088882    
   92.9000015       16.9856796      -74.3603210      -57.3746414       94.9280701    
   93.0000000       16.3455830      -73.8000107      -57.4544296       91.3507462    
   93.0999985       17.3623276      -74.2535095      -56.8911858       97.0330353    
   93.1999893       16.9292622      -74.3465271      -57.4172668       94.6127625    
   93.3000031       16.9049320      -74.3687897      -57.4638557       94.4767914    
   93.4000015       16.9955502      -74.4736710      -57.4781189       94.9832306    
   93.4999924       16.4915581      -74.1250076      -57.6334534       92.1665649    
   93.6000061       16.8980961      -74.0323563      -57.1342621       94.4385834    
   93.6999969       16.8553829      -73.9907150      -57.1353302       94.1998749    
   93.7999954       17.3149834      -74.4519196      -57.1369324       96.7684479    
   93.9000015       16.7433510      -74.2826843      -57.5393333       93.5737610    
   93.9999924       17.0978775      -74.5166473      -57.4187698       95.5550995    
   94.0999985       16.7519264      -74.4114609      -57.6595383       93.6216812    
   94.1999969       16.6049500      -74.0714111      -57.4664574       92.8002777    
   94.2999954       17.3160038      -74.4809875      -57.1649895       96.7741547    
   94.4000015       16.7433281      -74.3398590      -57.5965309       93.5736237    
   94.4999924       16.8624954      -74.3021851      -57.4396858       94.2396240    
   94.5999985       16.7884235      -74.2646484      -57.4762268       93.8256531    
   94.6999969       16.8909760      -74.2081223      -57.3171501       94.3987961    
   94.7999954       17.2351818      -74.5957336      -57.3605499       96.3224640    
   94.8999939       16.8264408      -74.5913620      -57.7649193       94.0381241    
   95.0000000       16.8509903      -74.5381851      -57.6871948       94.1753311    
   95.0999985       16.9786987      -74.6681442      -57.6894455       94.8890533    
   95.1999893       16.1812515      -73.8733368      -57.6920853       90.4323502    
   95.2999954       16.7797813      -73.5806427      -56.8008614       93.7773514    
   95.4000015       17.1025143      -73.8275452      -56.7250328       95.5810165    
   95.5000000       17.1224575      -74.0575409      -56.9350891       95.6924820    
   95.5999985       17.3680820      -74.5782394      -57.2101555       97.0652008    
   95.6999893       16.3419132      -74.0726013      -57.7306862       91.3302460    
   95.8000031       17.0091305      -74.1091919      -57.1000595       95.0591202    
   95.9000015       16.9944935      -74.2390137      -57.2445221       94.9773254    
   95.9999924       16.8311977      -74.2162018      -57.3850060       94.0647125    
   96.0999985       16.3639965      -73.6912537      -57.3272591       91.4536591    
   96.1999893       17.3056030      -74.1471024      -56.8415031       96.7160263    
   96.2999954       16.9255600      -74.1110382      -57.1854782       94.5920715    
   96.4000015       16.8943119      -74.1517715      -57.2574539       94.4174423    
   96.4999924       16.7936287      -74.0218277      -57.2282028       93.8547516    
   96.5999985       17.2019196      -74.4313354      -57.2294159       96.1365738    
   96.6999893       16.4476643      -73.9085617      -57.4608955       91.9212494    
   96.7999954       16.9341583      -73.8846588      -56.9505043       94.6401291    
   96.9000015       17.0174065      -74.0250092      -57.0075989       95.1053772    
   96.9999924       16.8726826      -74.0346451      -57.1619606       94.2965546    
   97.0999908       17.4263649      -74.5636292      -57.1372681       97.3909302    
   97.1999969       16.5281315      -74.2442856      -57.7161522       92.3709564    
   97.3000031       16.9007282      -74.1768188      -57.2760849       94.4533005    
   97.4000015       17.2632160      -74.5491638      -57.2859497       96.4791336    
   97.5000000       16.9107475      -74.5938110      -57.6830635       94.5092850    
   97.6000061       17.1745491      -74.8879776      -57.7134285       95.9836044    
   97.6999969       16.2247143      -74.1969986      -57.9722862       90.6752472    
   97.8000031       16.9392967      -74.1494370      -57.2101402       94.6688461    
   97.9000015       16.6531620      -73.8959656      -57.2428055       93.0697174    
   98.0000000       17.3907452      -74.4001465      -57.0093994       97.1918564    
   98.1000061       17.0512753      -74.7079239      -57.6566505       95.2946625    
   98.1999969       16.5596676      -74.3409882      -57.7813225       92.5472107    
   98.3000031       16.8811340      -74.3387070      -57.4575729       94.3437881    
   98.4000092       17.0562496      -74.5495911      -57.4933395       95.3224564    
   98.5000000       16.9697723      -74.5979538      -57.6281815       94.8391647    
   98.6000061       17.0732460      -74.7708435      -57.6975975       95.4174423    
   98.6999969       16.4949512      -74.3819122      -57.8869591       92.1855240    
   98.7999954       16.6397533      -74.1317825      -57.4920311       92.9947815    
   98.9000092       17.3691673      -74.5659790      -57.1968079       97.0712662    
   99.0000000       16.9317703      -74.7549057      -57.8231354       94.6267776    
   99.0999985       16.5922775      -74.3595810      -57.7673035       92.7294540    
   99.1999969       17.0044575      -74.5415497      -57.5370903       95.0330048    
   99.3000031       16.6834869      -74.2784882      -57.5949974       93.2391891    
   99.4000092       16.7981281      -74.2223969      -57.4242706       93.8798981    
   99.5000000       16.5838223      -73.9076157      -57.3237915       92.6822052    
   99.5999985       17.3163147      -74.2824783      -56.9661598       96.7758865    
   99.6999969       17.3976421      -74.9542313      -57.5565872       97.2304077    
   99.8000031       16.5426884      -74.5212784      -57.9785881       92.4523163    
   99.9000015       16.7788792      -74.3394318      -57.5605545       93.7723160    
   100.000000       16.9564857      -74.3816299      -57.4251480       94.7649155    
