amber                                                                           
         3       179
OW      OW      
  2.513966E-02  0.000000E+00
  7.541899E-02  0.000000E+00
  1.256983E-01  0.000000E+00
  1.759777E-01  0.000000E+00
  2.262570E-01  0.000000E+00
  2.765363E-01  0.000000E+00
  3.268156E-01  0.000000E+00
  3.770950E-01  0.000000E+00
  4.273743E-01  0.000000E+00
  4.776536E-01  0.000000E+00
  5.279330E-01  0.000000E+00
  5.782123E-01  0.000000E+00
  6.284916E-01  0.000000E+00
  6.787709E-01  0.000000E+00
  7.290503E-01  0.000000E+00
  7.793296E-01  0.000000E+00
  8.296089E-01  0.000000E+00
  8.798883E-01  0.000000E+00
  9.301676E-01  0.000000E+00
  9.804469E-01  0.000000E+00
  1.030726E+00  0.000000E+00
  1.081006E+00  0.000000E+00
  1.131285E+00  0.000000E+00
  1.181564E+00  0.000000E+00
  1.231844E+00  0.000000E+00
  1.282123E+00  0.000000E+00
  1.332402E+00  0.000000E+00
  1.382682E+00  0.000000E+00
  1.432961E+00  0.000000E+00
  1.483240E+00  0.000000E+00
  1.533520E+00  0.000000E+00
  1.583799E+00  0.000000E+00
  1.634078E+00  0.000000E+00
  1.684358E+00  0.000000E+00
  1.734637E+00  0.000000E+00
  1.784916E+00  0.000000E+00
  1.835196E+00  0.000000E+00
  1.885475E+00  0.000000E+00
  1.935754E+00  0.000000E+00
  1.986034E+00  0.000000E+00
  2.036313E+00  0.000000E+00
  2.086592E+00  0.000000E+00
  2.136872E+00  0.000000E+00
  2.187151E+00  0.000000E+00
  2.237430E+00  0.000000E+00
  2.287709E+00  0.000000E+00
  2.337989E+00  0.000000E+00
  2.388268E+00  0.000000E+00
  2.438547E+00  0.000000E+00
  2.488827E+00  0.000000E+00
  2.539106E+00  3.708904E+00
  2.589385E+00  2.978886E+01
  2.639665E+00  1.075943E+02
  2.689944E+00  1.952645E+02
  2.740223E+00  2.295629E+02
  2.790503E+00  2.011343E+02
  2.840782E+00  1.528569E+02
  2.891061E+00  9.533379E+01
  2.941341E+00  5.064416E+01
  2.991620E+00  3.284700E+01
  3.041899E+00  1.618910E+01
  3.092179E+00  1.176857E+01
  3.142458E+00  5.483843E+00
  3.192737E+00  5.450474E+00
  3.243017E+00  4.680945E+00
  3.293296E+00  4.733642E+00
  3.343575E+00  5.158530E+00
  3.393855E+00  4.701526E+00
  3.444134E+00  4.861705E+00
  3.494413E+00  5.644332E+00
  3.544693E+00  5.485348E+00
  3.594972E+00  6.312515E+00
  3.645251E+00  6.827637E+00
  3.695531E+00  7.209585E+00
  3.745810E+00  7.969694E+00
  3.796089E+00  8.150417E+00
  3.846369E+00  9.317312E+00
  3.896648E+00  9.680560E+00
  3.946927E+00  1.115104E+01
  3.997207E+00  1.069621E+01
  4.047486E+00  1.124780E+01
  4.097765E+00  1.470111E+01
  4.148045E+00  1.410164E+01
  4.198324E+00  1.552155E+01
  4.248603E+00  1.570183E+01
  4.298883E+00  1.716339E+01
  4.349162E+00  1.773556E+01
  4.399441E+00  1.769586E+01
  4.449721E+00  1.882558E+01
  4.500000E+00  1.746952E+01
  4.550279E+00  1.824048E+01
  4.600559E+00  1.747845E+01
  4.650838E+00  1.866327E+01
  4.701117E+00  1.909359E+01
  4.751397E+00  1.700938E+01
  4.801676E+00  1.631949E+01
  4.851955E+00  1.684939E+01
  4.902235E+00  1.574464E+01
  4.952514E+00  1.442299E+01
  5.002793E+00  1.270142E+01
  5.053073E+00  1.203675E+01
  5.103352E+00  1.131467E+01
  5.153631E+00  9.400280E+00
  5.203911E+00  9.557127E+00
  5.254190E+00  7.973923E+00
  5.304469E+00  7.498540E+00
  5.354749E+00  7.848943E+00
  5.405028E+00  6.572131E+00
  5.455307E+00  6.829657E+00
  5.505587E+00  5.846997E+00
  5.555866E+00  5.992276E+00
  5.606145E+00  4.855911E+00
  5.656425E+00  3.692878E+00
  5.706704E+00  4.060008E+00
  5.756983E+00  3.862080E+00
  5.807263E+00  3.086446E+00
  5.857542E+00  2.849206E+00
  5.907821E+00  2.700163E+00
  5.958101E+00  2.734031E+00
  6.008380E+00  2.318314E+00
  6.058659E+00  1.992601E+00
  6.108939E+00  1.865709E+00
  6.159218E+00  1.668520E+00
  6.209497E+00  1.167367E+00
  6.259777E+00  1.023051E+00
  6.310056E+00  8.125156E-01
  6.360335E+00  6.780237E-01
  6.410615E+00  5.818619E-01
  6.460894E+00  6.402340E-01
  6.511173E+00  6.967407E-01
  6.561453E+00  3.593876E-01
  6.611732E+00  1.608829E-01
  6.662011E+00  2.218492E-01
  6.712291E+00  1.873183E-01
  6.762570E+00  1.845433E-01
  6.812849E+00  6.060983E-02
  6.863128E+00  2.986251E-02
  6.913408E+00  0.000000E+00
  6.963687E+00  0.000000E+00
  7.013966E+00  2.859192E-02
  7.064246E+00  0.000000E+00
  7.114525E+00  0.000000E+00
  7.164804E+00  0.000000E+00
  7.215084E+00  0.000000E+00
  7.265363E+00  0.000000E+00
  7.315642E+00  0.000000E+00
  7.365922E+00  0.000000E+00
  7.416201E+00  0.000000E+00
  7.466480E+00  0.000000E+00
  7.516760E+00  0.000000E+00
  7.567039E+00  0.000000E+00
  7.617318E+00  0.000000E+00
  7.667598E+00  0.000000E+00
  7.717877E+00  0.000000E+00
  7.768156E+00  0.000000E+00
  7.818436E+00  0.000000E+00
  7.868715E+00  0.000000E+00
  7.918994E+00  0.000000E+00
  7.969274E+00  0.000000E+00
  8.019553E+00  0.000000E+00
  8.069832E+00  0.000000E+00
  8.120112E+00  0.000000E+00
  8.170391E+00  0.000000E+00
  8.220670E+00  0.000000E+00
  8.270950E+00  0.000000E+00
  8.321229E+00  0.000000E+00
  8.371508E+00  0.000000E+00
  8.421788E+00  0.000000E+00
  8.472067E+00  0.000000E+00
  8.522346E+00  0.000000E+00
  8.572626E+00  0.000000E+00
  8.622905E+00  0.000000E+00
  8.673184E+00  0.000000E+00
  8.723464E+00  0.000000E+00
  8.773743E+00  0.000000E+00
  8.824022E+00  0.000000E+00
  8.874302E+00  0.000000E+00
  8.924581E+00  0.000000E+00
  8.974860E+00  0.000000E+00
OW      HW      
  2.513966E-02  0.000000E+00
  7.541899E-02  0.000000E+00
  1.256983E-01  0.000000E+00
  1.759777E-01  0.000000E+00
  2.262570E-01  0.000000E+00
  2.765363E-01  0.000000E+00
  3.268156E-01  0.000000E+00
  3.770950E-01  0.000000E+00
  4.273743E-01  0.000000E+00
  4.776536E-01  0.000000E+00
  5.279330E-01  0.000000E+00
  5.782123E-01  0.000000E+00
  6.284916E-01  0.000000E+00
  6.787709E-01  0.000000E+00
  7.290503E-01  0.000000E+00
  7.793296E-01  0.000000E+00
  8.296089E-01  0.000000E+00
  8.798883E-01  0.000000E+00
  9.301676E-01  0.000000E+00
  9.804469E-01  0.000000E+00
  1.030726E+00  0.000000E+00
  1.081006E+00  0.000000E+00
  1.131285E+00  0.000000E+00
  1.181564E+00  0.000000E+00
  1.231844E+00  0.000000E+00
  1.282123E+00  0.000000E+00
  1.332402E+00  0.000000E+00
  1.382682E+00  0.000000E+00
  1.432961E+00  0.000000E+00
  1.483240E+00  0.000000E+00
  1.533520E+00  0.000000E+00
  1.583799E+00  1.471856E+00
  1.634078E+00  1.007382E+01
  1.684358E+00  4.585783E+01
  1.734637E+00  8.881342E+01
  1.784916E+00  1.177088E+02
  1.835196E+00  1.133315E+02
  1.885475E+00  9.258086E+01
  1.935754E+00  6.226280E+01
  1.986034E+00  3.989415E+01
  2.036313E+00  2.594914E+01
  2.086592E+00  1.413365E+01
  2.136872E+00  8.663397E+00
  2.187151E+00  5.549871E+00
  2.237430E+00  3.722813E+00
  2.287709E+00  2.351589E+00
  2.337989E+00  1.447416E+00
  2.388268E+00  1.787839E+00
  2.438547E+00  1.567042E+00
  2.488827E+00  1.986902E+00
  2.539106E+00  1.527196E+00
  2.589385E+00  2.596036E+00
  2.639665E+00  3.810209E+00
  2.689944E+00  5.467212E+00
  2.740223E+00  7.586534E+00
  2.790503E+00  1.241848E+01
  2.840782E+00  1.823563E+01
  2.891061E+00  2.515870E+01
  2.941341E+00  3.485342E+01
  2.991620E+00  4.506640E+01
  3.041899E+00  5.193051E+01
  3.092179E+00  5.545940E+01
  3.142458E+00  5.540818E+01
  3.192737E+00  5.108957E+01
  3.243017E+00  4.578967E+01
  3.293296E+00  4.179222E+01
  3.343575E+00  3.864180E+01
  3.393855E+00  3.597889E+01
  3.444134E+00  3.546970E+01
  3.494413E+00  3.523388E+01
  3.544693E+00  3.508104E+01
  3.594972E+00  3.270536E+01
  3.645251E+00  2.893807E+01
  3.695531E+00  2.402337E+01
  3.745810E+00  1.939794E+01
  3.796089E+00  1.704511E+01
  3.846369E+00  1.467714E+01
  3.896648E+00  1.300391E+01
  3.946927E+00  1.199753E+01
  3.997207E+00  1.164258E+01
  4.047486E+00  1.087216E+01
  4.097765E+00  1.123525E+01
  4.148045E+00  1.051492E+01
  4.198324E+00  1.104264E+01
  4.248603E+00  1.092894E+01
  4.298883E+00  9.970747E+00
  4.349162E+00  1.039222E+01
  4.399441E+00  1.003795E+01
  4.449721E+00  1.056719E+01
  4.500000E+00  1.082728E+01
  4.550279E+00  1.103940E+01
  4.600559E+00  1.084926E+01
  4.650838E+00  1.098987E+01
  4.701117E+00  1.161526E+01
  4.751397E+00  1.115267E+01
  4.801676E+00  1.149990E+01
  4.851955E+00  1.181549E+01
  4.902235E+00  1.135487E+01
  4.952514E+00  1.182800E+01
  5.002793E+00  1.114184E+01
  5.053073E+00  1.124486E+01
  5.103352E+00  1.065983E+01
  5.153631E+00  1.026087E+01
  5.203911E+00  9.829817E+00
  5.254190E+00  9.973773E+00
  5.304469E+00  9.673116E+00
  5.354749E+00  9.197980E+00
  5.405028E+00  8.401735E+00
  5.455307E+00  8.188499E+00
  5.505587E+00  7.610377E+00
  5.555866E+00  7.365032E+00
  5.606145E+00  6.422334E+00
  5.656425E+00  5.792104E+00
  5.706704E+00  5.296367E+00
  5.756983E+00  5.114073E+00
  5.807263E+00  4.504542E+00
  5.857542E+00  4.084204E+00
  5.907821E+00  3.556559E+00
  5.958101E+00  3.422492E+00
  6.008380E+00  2.824836E+00
  6.058659E+00  2.725457E+00
  6.108939E+00  2.577128E+00
  6.159218E+00  2.210790E+00
  6.209497E+00  2.020092E+00
  6.259777E+00  1.996745E+00
  6.310056E+00  1.965051E+00
  6.360335E+00  1.716791E+00
  6.410615E+00  1.493160E+00
  6.460894E+00  1.389982E+00
  6.511173E+00  1.339567E+00
  6.561453E+00  1.086331E+00
  6.611732E+00  1.073894E+00
  6.662011E+00  1.081515E+00
  6.712291E+00  8.312251E-01
  6.762570E+00  8.227555E-01
  6.812849E+00  8.220208E-01
  6.863128E+00  7.316316E-01
  6.913408E+00  6.768838E-01
  6.963687E+00  4.713522E-01
  7.013966E+00  3.788429E-01
  7.064246E+00  3.488063E-01
  7.114525E+00  2.674728E-01
  7.164804E+00  2.568818E-01
  7.215084E+00  1.925187E-01
  7.265363E+00  2.098489E-01
  7.315642E+00  1.675506E-01
  7.365922E+00  1.134213E-01
  7.416201E+00  1.086918E-01
  7.466480E+00  5.361644E-02
  7.516760E+00  6.534899E-02
  7.567039E+00  3.684769E-02
  7.617318E+00  3.333262E-02
  7.667598E+00  2.093439E-02
  7.717877E+00  1.771073E-02
  7.768156E+00  0.000000E+00
  7.818436E+00  5.752695E-03
  7.868715E+00  2.839706E-03
  7.918994E+00  0.000000E+00
  7.969274E+00  0.000000E+00
  8.019553E+00  0.000000E+00
  8.069832E+00  0.000000E+00
  8.120112E+00  0.000000E+00
  8.170391E+00  0.000000E+00
  8.220670E+00  0.000000E+00
  8.270950E+00  0.000000E+00
  8.321229E+00  0.000000E+00
  8.371508E+00  0.000000E+00
  8.421788E+00  0.000000E+00
  8.472067E+00  0.000000E+00
  8.522346E+00  0.000000E+00
  8.572626E+00  0.000000E+00
  8.622905E+00  0.000000E+00
  8.673184E+00  0.000000E+00
  8.723464E+00  0.000000E+00
  8.773743E+00  0.000000E+00
  8.824022E+00  0.000000E+00
  8.874302E+00  0.000000E+00
  8.924581E+00  0.000000E+00
  8.974860E+00  0.000000E+00
HW      HW      
  2.513966E-02  0.000000E+00
  7.541899E-02  0.000000E+00
  1.256983E-01  0.000000E+00
  1.759777E-01  0.000000E+00
  2.262570E-01  0.000000E+00
  2.765363E-01  0.000000E+00
  3.268156E-01  0.000000E+00
  3.770950E-01  0.000000E+00
  4.273743E-01  0.000000E+00
  4.776536E-01  0.000000E+00
  5.279330E-01  0.000000E+00
  5.782123E-01  0.000000E+00
  6.284916E-01  0.000000E+00
  6.787709E-01  0.000000E+00
  7.290503E-01  0.000000E+00
  7.793296E-01  0.000000E+00
  8.296089E-01  0.000000E+00
  8.798883E-01  0.000000E+00
  9.301676E-01  0.000000E+00
  9.804469E-01  0.000000E+00
  1.030726E+00  0.000000E+00
  1.081006E+00  0.000000E+00
  1.131285E+00  0.000000E+00
  1.181564E+00  0.000000E+00
  1.231844E+00  0.000000E+00
  1.282123E+00  0.000000E+00
  1.332402E+00  0.000000E+00
  1.382682E+00  0.000000E+00
  1.432961E+00  0.000000E+00
  1.483240E+00  0.000000E+00
  1.533520E+00  0.000000E+00
  1.583799E+00  0.000000E+00
  1.634078E+00  0.000000E+00
  1.684358E+00  2.478801E-01
  1.734637E+00  2.337195E-01
  1.784916E+00  8.829542E-01
  1.835196E+00  1.461668E+00
  1.885475E+00  3.808080E+00
  1.935754E+00  6.709556E+00
  1.986034E+00  1.319404E+01
  2.036313E+00  1.980106E+01
  2.086592E+00  2.592516E+01
  2.136872E+00  3.415304E+01
  2.187151E+00  4.344336E+01
  2.237430E+00  4.864241E+01
  2.287709E+00  5.264199E+01
  2.337989E+00  5.686738E+01
  2.388268E+00  5.156990E+01
  2.438547E+00  5.555607E+01
  2.488827E+00  5.347605E+01
  2.539106E+00  5.497905E+01
  2.589385E+00  5.396608E+01
  2.639665E+00  5.041588E+01
  2.689944E+00  4.193959E+01
  2.740223E+00  3.458429E+01
  2.790503E+00  2.603366E+01
  2.840782E+00  1.834457E+01
  2.891061E+00  1.398874E+01
  2.941341E+00  9.673603E+00
  2.991620E+00  8.388558E+00
  3.041899E+00  7.581513E+00
  3.092179E+00  7.410523E+00
  3.142458E+00  8.083327E+00
  3.192737E+00  8.313698E+00
  3.243017E+00  1.084976E+01
  3.293296E+00  1.196379E+01
  3.343575E+00  1.401296E+01
  3.393855E+00  1.721858E+01
  3.444134E+00  1.876500E+01
  3.494413E+00  2.358525E+01
  3.544693E+00  2.633527E+01
  3.594972E+00  3.078712E+01
  3.645251E+00  3.327811E+01
  3.695531E+00  3.433565E+01
  3.745810E+00  3.448522E+01
  3.796089E+00  3.367538E+01
  3.846369E+00  3.186188E+01
  3.896648E+00  2.881009E+01
  3.946927E+00  2.443522E+01
  3.997207E+00  2.236080E+01
  4.047486E+00  1.987684E+01
  4.097765E+00  1.706753E+01
  4.148045E+00  1.628841E+01
  4.198324E+00  1.352649E+01
  4.248603E+00  1.250691E+01
  4.298883E+00  1.274886E+01
  4.349162E+00  1.247438E+01
  4.399441E+00  1.179119E+01
  4.449721E+00  1.141079E+01
  4.500000E+00  1.103567E+01
  4.550279E+00  1.103940E+01
  4.600559E+00  1.029268E+01
  4.650838E+00  1.034771E+01
  4.701117E+00  1.039009E+01
  4.751397E+00  9.992234E+00
  4.801676E+00  9.928963E+00
  4.851955E+00  9.545000E+00
  4.902235E+00  9.094141E+00
  4.952514E+00  8.716879E+00
  5.002793E+00  8.310718E+00
  5.053073E+00  8.779668E+00
  5.103352E+00  8.175459E+00
  5.153631E+00  7.791640E+00
  5.203911E+00  7.648298E+00
  5.254190E+00  7.311553E+00
  5.304469E+00  7.179852E+00
  5.354749E+00  7.021125E+00
  5.405028E+00  7.047587E+00
  5.455307E+00  6.811933E+00
  5.505587E+00  6.862101E+00
  5.555866E+00  6.607453E+00
  5.606145E+00  6.232125E+00
  5.656425E+00  6.215246E+00
  5.706704E+00  6.073816E+00
  5.756983E+00  5.931051E+00
  5.807263E+00  5.495125E+00
  5.857542E+00  5.375571E+00
  5.907821E+00  5.148446E+00
  5.958101E+00  4.640918E+00
  6.008380E+00  4.451552E+00
  6.058659E+00  4.267807E+00
  6.108939E+00  3.759685E+00
  6.159218E+00  3.846867E+00
  6.209497E+00  3.689061E+00
  6.259777E+00  3.320430E+00
  6.310056E+00  3.077844E+00
  6.360335E+00  2.620823E+00
  6.410615E+00  2.524254E+00
  6.460894E+00  2.026004E+00
  6.511173E+00  1.982393E+00
  6.561453E+00  1.760183E+00
  6.611732E+00  1.508278E+00
  6.662011E+00  1.184516E+00
  6.712291E+00  1.240984E+00
  6.762570E+00  1.003454E+00
  6.812849E+00  9.129355E-01
  6.863128E+00  8.585473E-01
  6.913408E+00  7.872453E-01
  6.963687E+00  6.707704E-01
  7.013966E+00  7.147980E-01
  7.064246E+00  6.482865E-01
  7.114525E+00  5.627350E-01
  7.164804E+00  5.754153E-01
  7.215084E+00  5.539134E-01
  7.265363E+00  3.697338E-01
  7.315642E+00  4.303752E-01
  7.365922E+00  3.888731E-01
  7.416201E+00  3.292723E-01
  7.466480E+00  3.469299E-01
  7.516760E+00  2.862908E-01
  7.567039E+00  2.855696E-01
  7.617318E+00  2.484795E-01
  7.667598E+00  2.542034E-01
  7.717877E+00  1.948181E-01
  7.768156E+00  1.777358E-01
  7.818436E+00  1.754572E-01
  7.868715E+00  1.221074E-01
  7.918994E+00  8.691660E-02
  7.969274E+00  9.136031E-02
  8.019553E+00  9.295221E-02
  8.069832E+00  4.319884E-02
  8.120112E+00  7.199808E-02
  8.170391E+00  3.950816E-02
  8.220670E+00  4.683163E-02
  8.270950E+00  2.570221E-02
  8.321229E+00  2.285329E-02
  8.371508E+00  1.254423E-02
  8.421788E+00  1.735285E-02
  8.472067E+00  9.798566E-03
  8.522346E+00  2.420823E-03
  8.572626E+00  0.000000E+00
  8.622905E+00  0.000000E+00
  8.673184E+00  0.000000E+00
  8.723464E+00  2.310487E-03
  8.773743E+00  0.000000E+00
  8.824022E+00  0.000000E+00
  8.874302E+00  0.000000E+00
  8.924581E+00  0.000000E+00
  8.974860E+00  0.000000E+00
