amber                                                                           
         2         2        18  -18261.6579546    
     25.196959335562      0.000000000000      0.000000000000
      0.000000000000     25.196959335562      0.000000000000
      0.000000000000      0.000000000000     25.196959335562
OW               1
    -4.864254338         8.647605525         10.11078324    
  0.529878526069     -0.301188038274       5.03114847086    
   14734.8129279      -6212.43253507      -7501.05449994    
HW               2
    -5.594576528         9.264332562         10.16167222    
   3.34509417008       3.38327878784      0.780800910804    
  -9690.30749310       2836.60539592       4975.91091626    
HW               3
    -4.967784413         8.088854871         10.88110244    
   1.76526296042       9.67076600673       12.4303347897    
  -2930.19658362       1586.08178459       1407.85392915    
OW               4
    -5.967416769         12.46214205         8.008964334    
  -2.57398299188      -1.31163362645      -4.55187194791    
  -8696.49751188       2155.43448586       7796.31395858    
HW               5
    -5.353405081        -12.00119448         7.975803263    
   14.0103982687      -14.5309825848       10.0733521472    
   2709.00109205      -676.317942185      -2357.28323920    
HW               6
    -5.681083310         11.87754826         7.307126966    
   4.31497793181      -9.65164533554       5.20545841154    
   5872.91578011      -1497.65083781      -5108.27119886    
OW               7
    -3.235997782         9.234603122         7.941631265    
  -1.17618809274       3.01523336296       4.04589649160    
   4319.83552768       5146.88356295      -10783.1069079    
HW               8
    -3.981839621         8.967996944         8.479175240    
  -11.8991986907      -15.1395846822      -19.8365339461    
  -4094.65059739      -3412.19338287       8933.68776086    
HW               9
    -2.565696996         8.573988918         8.116554586    
 -0.601480268174E-01   4.43468489650       5.12995612851    
  -973.404554495      -881.548208492       2368.30965753    
OW              10
    -7.211813218         9.742607845         10.77107481    
  -1.91469018804       3.11067767572       8.17741184257    
   6095.67401111      -12680.8520000       3978.15189386    
HW              11
    -7.375123789         10.65473770         10.53094731    
  -2.57220042089       3.68009597083       10.7875326743    
  -6332.71723932       9340.29174894      -2109.52565796    
HW              12
    -8.083923939         9.360222059         10.86862705    
  -1.62993387060       1.48003228480       4.33130233112    
  -1829.38336662       2682.14655245      -503.567164982    
OW              13
    -4.219930382         11.13584659         6.168756214    
   1.63154127884      -6.51128242757     -0.668835912014    
  -6794.12585087       8474.50362073      -4571.50713571    
HW              14
    -4.245057241         10.56812947         5.398445669    
   22.6521829778       7.65007817551      -11.7914015751    
   1755.35474507      -2013.89856995       951.111854172    
HW              15
    -3.824767587         10.59511161         6.852689311    
   4.88046886728      -11.2648159983      -6.30426607771    
   4698.99599009      -7340.04171657       4249.11829195    
OW              16
    -8.012754192         12.09734228         9.796712992    
  0.977913305436       2.03271026096      -12.6983408233    
  -6855.77311944      -2345.03556644       7302.59847013    
HW              17
    -8.473674664        -12.26070586         9.806343994    
   2.23535226164       2.49372387446       7.32344619014    
   1130.73899110       1122.26693260      -1588.78256067    
HW              18
    -7.310216091         12.21676388         9.157579879    
   3.04796591017       17.2464429017      -7.58025335431    
   6879.72725165       3715.75667536      -7439.95836732    
