amber                                                                           
         2       128
OW      
 -6.350000E+00  0.000000E+00
 -6.250000E+00  0.000000E+00
 -6.150000E+00  0.000000E+00
 -6.050000E+00  0.000000E+00
 -5.950000E+00  0.000000E+00
 -5.850000E+00  0.000000E+00
 -5.750000E+00  0.000000E+00
 -5.650000E+00  0.000000E+00
 -5.550000E+00  0.000000E+00
 -5.450000E+00  0.000000E+00
 -5.350000E+00  0.000000E+00
 -5.250000E+00  0.000000E+00
 -5.150000E+00  0.000000E+00
 -5.050000E+00  0.000000E+00
 -4.950000E+00  0.000000E+00
 -4.850000E+00  0.000000E+00
 -4.750000E+00  0.000000E+00
 -4.650000E+00  0.000000E+00
 -4.550000E+00  0.000000E+00
 -4.450000E+00  0.000000E+00
 -4.350000E+00  0.000000E+00
 -4.250000E+00  0.000000E+00
 -4.150000E+00  0.000000E+00
 -4.050000E+00  0.000000E+00
 -3.950000E+00  0.000000E+00
 -3.850000E+00  0.000000E+00
 -3.750000E+00  0.000000E+00
 -3.650000E+00  0.000000E+00
 -3.550000E+00  0.000000E+00
 -3.450000E+00  0.000000E+00
 -3.350000E+00  0.000000E+00
 -3.250000E+00  0.000000E+00
 -3.150000E+00  0.000000E+00
 -3.050000E+00  0.000000E+00
 -2.950000E+00  0.000000E+00
 -2.850000E+00  0.000000E+00
 -2.750000E+00  0.000000E+00
 -2.650000E+00  0.000000E+00
 -2.550000E+00  0.000000E+00
 -2.450000E+00  0.000000E+00
 -2.350000E+00  0.000000E+00
 -2.250000E+00  0.000000E+00
 -2.150000E+00  0.000000E+00
 -2.050000E+00  0.000000E+00
 -1.950000E+00  0.000000E+00
 -1.850000E+00  0.000000E+00
 -1.750000E+00  0.000000E+00
 -1.650000E+00  0.000000E+00
 -1.550000E+00  0.000000E+00
 -1.450000E+00  0.000000E+00
 -1.350000E+00  0.000000E+00
 -1.250000E+00  0.000000E+00
 -1.150000E+00  0.000000E+00
 -1.050000E+00  0.000000E+00
 -9.500000E-01  0.000000E+00
 -8.500000E-01  0.000000E+00
 -7.500000E-01  0.000000E+00
 -6.500000E-01  0.000000E+00
 -5.500000E-01  0.000000E+00
 -4.500000E-01  0.000000E+00
 -3.500000E-01  0.000000E+00
 -2.500000E-01  0.000000E+00
 -1.500000E-01  0.000000E+00
 -5.000000E-02  0.000000E+00
  5.000000E-02  0.000000E+00
  1.500000E-01  0.000000E+00
  2.500000E-01  0.000000E+00
  3.500000E-01  0.000000E+00
  4.500000E-01  0.000000E+00
  5.500000E-01  0.000000E+00
  6.500000E-01  0.000000E+00
  7.500000E-01  0.000000E+00
  8.500000E-01  0.000000E+00
  9.500000E-01  0.000000E+00
  1.050000E+00  0.000000E+00
  1.150000E+00  0.000000E+00
  1.250000E+00  0.000000E+00
  1.350000E+00  0.000000E+00
  1.450000E+00  0.000000E+00
  1.550000E+00  0.000000E+00
  1.650000E+00  0.000000E+00
  1.750000E+00  0.000000E+00
  1.850000E+00  0.000000E+00
  1.950000E+00  0.000000E+00
  2.050000E+00  0.000000E+00
  2.150000E+00  0.000000E+00
  2.250000E+00  0.000000E+00
  2.350000E+00  0.000000E+00
  2.450000E+00  0.000000E+00
  2.550000E+00  0.000000E+00
  2.650000E+00  0.000000E+00
  2.750000E+00  0.000000E+00
  2.850000E+00  0.000000E+00
  2.950000E+00  0.000000E+00
  3.050000E+00  0.000000E+00
  3.150000E+00  0.000000E+00
  3.250000E+00  0.000000E+00
  3.350000E+00  0.000000E+00
  3.450000E+00  0.000000E+00
  3.550000E+00  0.000000E+00
  3.650000E+00  0.000000E+00
  3.750000E+00  0.000000E+00
  3.850000E+00  0.000000E+00
  3.950000E+00  0.000000E+00
  4.050000E+00  0.000000E+00
  4.150000E+00  0.000000E+00
  4.250000E+00  0.000000E+00
  4.350000E+00  0.000000E+00
  4.450000E+00  0.000000E+00
  4.550000E+00  0.000000E+00
  4.650000E+00  0.000000E+00
  4.750000E+00  0.000000E+00
  4.850000E+00  0.000000E+00
  4.950000E+00  0.000000E+00
  5.050000E+00  0.000000E+00
  5.150000E+00  0.000000E+00
  5.250000E+00  0.000000E+00
  5.350000E+00  3.600627E-06
  5.450000E+00  2.840494E-05
  5.550000E+00  4.960863E-05
  5.650000E+00  6.561142E-05
  5.750000E+00  9.201601E-05
  5.850000E+00  1.752305E-04
  5.950000E+00  3.792660E-04
  6.050000E+00  4.568795E-04
  6.150000E+00  6.369108E-04
  6.250000E+00  7.941382E-04
  6.350000E+00  8.485477E-04
HW      
 -6.350000E+00  0.000000E+00
 -6.250000E+00  0.000000E+00
 -6.150000E+00  0.000000E+00
 -6.050000E+00  0.000000E+00
 -5.950000E+00  0.000000E+00
 -5.850000E+00  0.000000E+00
 -5.750000E+00  0.000000E+00
 -5.650000E+00  0.000000E+00
 -5.550000E+00  0.000000E+00
 -5.450000E+00  0.000000E+00
 -5.350000E+00  0.000000E+00
 -5.250000E+00  0.000000E+00
 -5.150000E+00  0.000000E+00
 -5.050000E+00  0.000000E+00
 -4.950000E+00  0.000000E+00
 -4.850000E+00  0.000000E+00
 -4.750000E+00  0.000000E+00
 -4.650000E+00  0.000000E+00
 -4.550000E+00  0.000000E+00
 -4.450000E+00  0.000000E+00
 -4.350000E+00  0.000000E+00
 -4.250000E+00  0.000000E+00
 -4.150000E+00  0.000000E+00
 -4.050000E+00  0.000000E+00
 -3.950000E+00  0.000000E+00
 -3.850000E+00  0.000000E+00
 -3.750000E+00  0.000000E+00
 -3.650000E+00  0.000000E+00
 -3.550000E+00  0.000000E+00
 -3.450000E+00  0.000000E+00
 -3.350000E+00  0.000000E+00
 -3.250000E+00  0.000000E+00
 -3.150000E+00  0.000000E+00
 -3.050000E+00  0.000000E+00
 -2.950000E+00  0.000000E+00
 -2.850000E+00  0.000000E+00
 -2.750000E+00  0.000000E+00
 -2.650000E+00  0.000000E+00
 -2.550000E+00  0.000000E+00
 -2.450000E+00  0.000000E+00
 -2.350000E+00  0.000000E+00
 -2.250000E+00  0.000000E+00
 -2.150000E+00  0.000000E+00
 -2.050000E+00  0.000000E+00
 -1.950000E+00  0.000000E+00
 -1.850000E+00  0.000000E+00
 -1.750000E+00  0.000000E+00
 -1.650000E+00  0.000000E+00
 -1.550000E+00  0.000000E+00
 -1.450000E+00  0.000000E+00
 -1.350000E+00  0.000000E+00
 -1.250000E+00  0.000000E+00
 -1.150000E+00  0.000000E+00
 -1.050000E+00  0.000000E+00
 -9.500000E-01  0.000000E+00
 -8.500000E-01  0.000000E+00
 -7.500000E-01  0.000000E+00
 -6.500000E-01  0.000000E+00
 -5.500000E-01  0.000000E+00
 -4.500000E-01  0.000000E+00
 -3.500000E-01  0.000000E+00
 -2.500000E-01  0.000000E+00
 -1.500000E-01  0.000000E+00
 -5.000000E-02  0.000000E+00
  5.000000E-02  0.000000E+00
  1.500000E-01  0.000000E+00
  2.500000E-01  0.000000E+00
  3.500000E-01  0.000000E+00
  4.500000E-01  0.000000E+00
  5.500000E-01  0.000000E+00
  6.500000E-01  0.000000E+00
  7.500000E-01  0.000000E+00
  8.500000E-01  0.000000E+00
  9.500000E-01  0.000000E+00
  1.050000E+00  0.000000E+00
  1.150000E+00  0.000000E+00
  1.250000E+00  0.000000E+00
  1.350000E+00  0.000000E+00
  1.450000E+00  0.000000E+00
  1.550000E+00  0.000000E+00
  1.650000E+00  0.000000E+00
  1.750000E+00  0.000000E+00
  1.850000E+00  0.000000E+00
  1.950000E+00  0.000000E+00
  2.050000E+00  0.000000E+00
  2.150000E+00  0.000000E+00
  2.250000E+00  0.000000E+00
  2.350000E+00  0.000000E+00
  2.450000E+00  0.000000E+00
  2.550000E+00  0.000000E+00
  2.650000E+00  0.000000E+00
  2.750000E+00  0.000000E+00
  2.850000E+00  0.000000E+00
  2.950000E+00  0.000000E+00
  3.050000E+00  0.000000E+00
  3.150000E+00  0.000000E+00
  3.250000E+00  0.000000E+00
  3.350000E+00  0.000000E+00
  3.450000E+00  0.000000E+00
  3.550000E+00  0.000000E+00
  3.650000E+00  0.000000E+00
  3.750000E+00  0.000000E+00
  3.850000E+00  0.000000E+00
  3.950000E+00  0.000000E+00
  4.050000E+00  0.000000E+00
  4.150000E+00  0.000000E+00
  4.250000E+00  0.000000E+00
  4.350000E+00  0.000000E+00
  4.450000E+00  2.000348E-06
  4.550000E+00  4.000696E-06
  4.650000E+00  1.240216E-05
  4.750000E+00  2.320404E-05
  4.850000E+00  5.680989E-05
  4.950000E+00  8.521483E-05
  5.050000E+00  1.516264E-04
  5.150000E+00  2.116368E-04
  5.250000E+00  3.372587E-04
  5.350000E+00  4.480780E-04
  5.450000E+00  4.484780E-04
  5.550000E+00  5.616977E-04
  5.650000E+00  6.613151E-04
  5.750000E+00  7.097235E-04
  5.850000E+00  7.685337E-04
  5.950000E+00  7.953384E-04
  6.050000E+00  8.625501E-04
  6.150000E+00  9.877719E-04
  6.250000E+00  9.985738E-04
  6.350000E+00  1.113394E-03
