 Time (ps)Ekin (1e12erg)Epot (1e12erg)E (1e12erg)T (K)
   0.00000000       16.8911991      -74.3873672      -57.4961739       94.4000397    
  0.100000001       17.0406475      -74.5575714      -57.5169220       95.2352676    
  0.200000003       16.8174095      -74.5352631      -57.7178574       93.9876556    
  0.300000012       16.2272034      -73.8331757      -57.6059723       90.6891632    
  0.400000006       17.2364292      -74.2010651      -56.9646339       96.3294296    
  0.499999970       16.7582188      -74.0038300      -57.2456093       93.6568451    
  0.600000024       16.8287125      -73.9395905      -57.1108780       94.0508194    
  0.699999988       16.9957886      -74.0969391      -57.1011505       94.9845581    
  0.800000012       16.9823608      -74.2215118      -57.2391510       94.9095078    
  0.899999976       17.2137432      -74.5383682      -57.3246231       96.2026443    
  0.999999940       16.7661228      -74.4294586      -57.6633377       93.7010269    
   1.10000002       16.3901443      -73.8937073      -57.5035629       91.5997925    
   1.20000005       16.9707565      -73.9753265      -57.0045662       94.8446655    
   1.29999995       17.2142220      -74.3069077      -57.0926857       96.2053146    
   1.39999998       17.2904396      -74.7388153      -57.4483719       96.6312790    
   1.49999988       16.4387646      -74.2794800      -57.8407097       91.8715210    
   1.60000002       17.0736008      -74.4124832      -57.3388824       95.4194336    
   1.69999993       16.7742138      -74.3268433      -57.5526276       93.7462463    
   1.79999995       16.5582294      -73.9521484      -57.3939209       92.5391617    
   1.89999998       17.4664001      -74.5211945      -57.0547943       97.6146698    
   1.99999988       16.9627018      -74.6546936      -57.6919899       94.7996521    
   2.09999990       16.7161064      -74.4801102      -57.7639999       93.4214935    
   2.20000005       16.8492985      -74.4744186      -57.6251183       94.1658630    
   2.29999995       17.0434246      -74.6212006      -57.5777740       95.2507782    
   2.40000010       16.5763626      -74.2636185      -57.6872520       92.6405182    
   2.50000000       16.5000515      -73.8299942      -57.3299408       92.2140274    
   2.59999990       17.0514908      -74.0594025      -57.0079117       95.2958603    
   2.69999981       17.1912174      -74.3301468      -57.1389275       96.0767517    
   2.79999995       16.9073753      -74.3526154      -57.4452400       94.4904404    
   2.90000010       16.6256924      -74.0903702      -57.4646797       92.9161987    
   2.99999976       16.8968029      -74.0745926      -57.1777916       94.4313583    
   3.09999990       16.8535519      -74.0955734      -57.2420235       94.1896362    
   3.20000005       17.0951481      -74.2348480      -57.1396980       95.5398560    
   3.29999995       17.2568302      -74.7504959      -57.4936676       96.4434433    
   3.39999986       16.2810936      -74.0581284      -57.7770348       90.9903412    
   3.50000000       16.8210278      -73.9922638      -57.1712379       94.0078659    
   3.59999990       17.2602310      -74.3892136      -57.1289864       96.4624557    
   3.70000005       16.9288559      -74.4657440      -57.5368919       94.6104889    
   3.79999995       16.9091606      -74.4723969      -57.5632324       94.5004272    
   3.89999986       17.0261002      -74.5848236      -57.5587196       95.1539688    
   3.99999976       16.7010231      -74.3641891      -57.6631660       93.3371964    
   4.09999990       16.9691620      -74.4423904      -57.4732285       94.8357544    
   4.19999981       16.8419361      -74.3941345      -57.5522003       94.1247177    
   4.29999971       16.7110367      -74.2558441      -57.5448074       93.3931656    
   4.40000010       17.1239662      -74.4225082      -57.2985458       95.7009048    
   4.50000000       17.1226826      -74.7123566      -57.5896721       95.6937256    
   4.59999990       16.7696686      -74.5830460      -57.8133774       93.7208405    
   4.69999981       16.7550831      -74.4499817      -57.6948967       93.6393280    
   4.80000019       16.8749752      -74.4416199      -57.5666466       94.3093719    
   4.90000010       16.9093227      -74.4432220      -57.5339012       94.5013275    
   5.00000000       16.9622440      -74.4754410      -57.5131950       94.7970886    
   5.10000038       16.6045094      -74.2142029      -57.6096954       92.7978134    
   5.19999981       17.2609100      -74.5823593      -57.3214531       96.4662476    
   5.29999971       16.8310585      -74.5089569      -57.6778984       94.0639343    
   5.39999962       16.9479389      -74.6462326      -57.6982956       94.7171478    
   5.50000000       16.8032112      -74.5239944      -57.7207794       93.9083023    
   5.59999990       16.9956722      -74.6776733      -57.6820030       94.9839096    
   5.69999981       16.4709778      -74.2101135      -57.7391396       92.0515442    
   5.80000019       17.0469532      -74.3583984      -57.3114471       95.2705002    
   5.90000010       16.6252022      -74.1184387      -57.4932404       92.9134674    
   5.99999952       17.2114792      -74.4660950      -57.2546158       96.1899872    
   6.10000038       16.6879349      -74.2461700      -57.5582352       93.2640533    
   6.19999981       17.3092175      -74.6773300      -57.3681183       96.7362289    
   6.30000019       16.8781929      -74.6864090      -57.8082161       94.3273544    
   6.40000010       16.6917839      -74.4666443      -57.7748566       93.2855606    
   6.49999952       17.1733360      -74.8055573      -57.6322212       95.9768219    
   6.59999990       16.9997215      -74.9140930      -57.9143753       95.0065384    
   6.70000029       16.8702927      -74.8821335      -58.0118408       94.2832031    
   6.79999971       16.8401299      -74.8460999      -58.0059700       94.1146317    
   6.90000010       16.6181030      -74.5293655      -57.9112663       92.8737793    
   7.00000000       17.0575619      -74.7813339      -57.7237701       95.3297958    
   7.09999990       16.4634705      -74.2609406      -57.7974739       92.0095901    
   7.19999981       17.4481087      -74.8147049      -57.3665924       97.5124512    
   7.29999971       16.4228249      -74.3739853      -57.9511604       91.7824326    
   7.40000010       17.0006084      -74.3926544      -57.3920441       95.0115051    
   7.50000000       16.8824368      -74.4267578      -57.5443192       94.3510666    
   7.59999990       17.1422501      -74.6877594      -57.5455055       95.8030853    
   7.69999981       16.6821651      -74.4961700      -57.8140068       93.2318115    
   7.79999971       16.3521252      -73.8614426      -57.5093193       91.3873062    
   7.90000010       17.3798447      -74.3675156      -56.9876747       97.1309357    
   7.99999952       16.6578369      -74.1610031      -57.5031700       93.0958405    
   8.09999943       16.9857254      -74.2772751      -57.2915535       94.9283218    
   8.19999981       17.0557327      -74.4708633      -57.4151268       95.3195724    
   8.30000019       16.5352497      -74.0422821      -57.5070267       92.4107437    
   8.39999962       17.2455463      -74.4248276      -57.1792831       96.3803864    
   8.50000000       16.5099831      -74.1085434      -57.5985641       92.2695312    
   8.59999943       17.2735443      -74.4273148      -57.1537743       96.5368500    
   8.70000076       16.9737148      -74.6155548      -57.6418419       94.8611908    
   8.80000019       17.0929565      -74.8056183      -57.7126617       95.5276108    
   8.89999962       16.4594040      -74.3441391      -57.8847389       91.9868546    
   9.00000000       17.0647392      -74.4902420      -57.4255028       95.3699036    
   9.09999943       17.1562996      -74.8496552      -57.6933556       95.8816071    
   9.19999981       16.4869633      -74.3388519      -57.8518906       92.1408768    
   9.29999924       16.9220371      -74.3848114      -57.4627724       94.5723801    
   9.39999962       16.3732891      -73.8167725      -57.4434814       91.5055923    
   9.49999905       17.3729668      -74.3012619      -56.9282913       97.0925064    
   9.60000038       16.6016979      -74.0178833      -57.4161835       92.7820969    
   9.70000076       16.7542896      -73.9011383      -57.1468468       93.6348877    
   9.80000019       17.1506958      -74.1058044      -56.9551086       95.8502884    
   9.90000057       17.2882881      -74.5674286      -57.2791405       96.6192627    
   10.0000000       16.7969685      -74.4943008      -57.6973343       93.8734131    
   10.1000004       16.9516544      -74.5449142      -57.5932579       94.7379150    
   10.2000008       16.1583748      -73.7380981      -57.5797272       90.3044968    
   10.2999992       17.4684811      -74.3038254      -56.8353462       97.6263046    
   10.3999996       16.9180279      -74.3638916      -57.4458618       94.5499802    
   10.4999990       17.1582527      -74.6742935      -57.5160408       95.8925247    
   10.5999994       16.4462013      -74.1967621      -57.7505569       91.9130783    
   10.6999998       16.5319939      -73.8175125      -57.2855186       92.3925476    
   10.7999992       17.4599819      -74.3564606      -56.8964767       97.5787964    
   10.9000006       16.8612003      -74.3541718      -57.4929771       94.2323837    
   11.0000000       17.1839581      -74.7003860      -57.5164299       96.0361786    
   11.0999994       17.1759930      -74.9909058      -57.8149071       95.9916687    
   11.1999998       16.3920193      -74.5283737      -58.1363564       91.6102676    
   11.2999992       16.5113506      -74.0228043      -57.5114517       92.2771835    
   11.3999996       16.9341259      -74.0904846      -57.1563568       94.6399460    
   11.5000000       16.7880974      -73.9945984      -57.2064972       93.8238297    
   11.6000004       16.1774693      -73.1736298      -56.9961586       90.4112091    
   11.7000008       17.1777630      -73.5079575      -56.3301926       96.0015640    
   11.8000002       17.5309582      -74.2051315      -56.6741714       97.9754639    
   11.8999987       16.9121819      -74.2854309      -57.3732529       94.5173035    
   11.9999990       16.8631630      -74.2516632      -57.3884964       94.2433548    
   12.0999994       16.6038723      -73.9420853      -57.3382187       92.7942581    
   12.2000008       16.7782421      -73.7986374      -57.0203972       93.7687531    
   12.3000011       17.0606251      -73.9590988      -56.8984795       95.3469162    
   12.3999996       17.4716969      -74.6741867      -57.2024841       97.6442795    
   12.5000000       17.0315399      -74.8489532      -57.8174133       95.1843643    
   12.6000004       16.8159218      -74.7740402      -57.9581184       93.9793396    
   12.6999998       16.8164005      -74.6798630      -57.8634644       93.9820099    
   12.8000002       16.5560818      -74.2799149      -57.7238312       92.5271606    
   12.8999987       17.1048183      -74.4721832      -57.3673668       95.5938950    
   12.9999990       16.4492702      -74.0345917      -57.5853195       91.9302292    
   13.0999994       17.3794479      -74.5943985      -57.2149506       97.1287231    
   13.1999998       16.6898785      -74.3384323      -57.6485519       93.2749176    
   13.3000002       16.6089458      -74.0268097      -57.4178696       92.8226013    
   13.4000006       16.8879852      -73.9993134      -57.1113281       94.3820801    
   13.4999990       17.0592480      -74.2194672      -57.1602135       95.3392181    
   13.5999994       17.2554474      -74.6373825      -57.3819313       96.4357147    
   13.6999998       16.1427917      -73.8555984      -57.7128105       90.2174072    
   13.8000002       17.6364403      -74.5592194      -56.9227791       98.5649796    
   13.9000006       16.7124767      -74.4486542      -57.7361755       93.4012146    
   14.0000000       16.5725861      -74.0733948      -57.5008049       92.6194077    
   14.0999994       17.1069317      -74.2953644      -57.1884346       95.6057129    
   14.1999998       17.6248837      -75.0967560      -57.4718704       98.5003967    
   14.3000002       16.3429451      -74.5375443      -58.1945992       91.3359985    
   14.3999996       16.8788109      -74.5722198      -57.6934128       94.3308029    
   14.4999990       16.9271526      -74.5808258      -57.6536751       94.6009750    
   14.5999994       16.9170685      -74.5682907      -57.6512222       94.5446167    
   14.6999989       16.6232033      -74.2584152      -57.6352081       92.9022827    
   14.8000002       17.0641251      -74.4203873      -57.3562622       95.3664703    
   14.9000006       17.3524380      -74.9253464      -57.5729027       96.9777756    
   15.0000000       16.4686317      -74.4825363      -58.0139046       92.0384369    
   15.0999994       17.0598183      -74.5982056      -57.5383911       95.3424072    
   15.1999998       16.8178711      -74.6272659      -57.8093948       93.9902344    
   15.2999992       16.7597275      -74.4126358      -57.6529083       93.6652832    
   15.3999996       17.1624947      -74.7139816      -57.5514908       95.9162369    
   15.5000000       17.0584335      -74.9325104      -57.8740768       95.3346710    
   15.5999994       16.1714039      -74.1365814      -57.9651756       90.3773117    
   15.6999998       16.9513817      -74.2296448      -57.2782631       94.7363815    
   15.8000002       17.0939884      -74.3908691      -57.2968788       95.5333786    
   15.9000006       16.3435402      -73.8293381      -57.4857979       91.3393402    
   15.9999990       17.2586918      -74.2587585      -57.0000687       96.4538422    
   16.1000004       16.7567673      -74.0376053      -57.2808380       93.6487427    
   16.1999989       17.3495426      -74.5683823      -57.2188454       96.9615860    
   16.2999992       16.8861790      -74.5515671      -57.6653862       94.3719864    
   16.3999996       16.4686527      -74.1237717      -57.6551170       92.0385513    
   16.5000000       16.6799946      -73.8668518      -57.1868553       93.2196732    
   16.6000004       17.2769394      -74.3421707      -57.0652351       96.5558243    
   16.7000008       16.6798382      -74.1370087      -57.4571724       93.2188034    
   16.7999992       16.5271435      -73.6463242      -57.1191788       92.3654404    
   16.8999996       17.4150372      -74.2585678      -56.8435287       97.3276138    
   17.0000000       16.6930923      -74.0553970      -57.3623009       93.2928848    
   17.0999985       17.1028442      -74.2560654      -57.1532211       95.5828705    
   17.1999989       17.1431198      -74.5164490      -57.3733292       95.8079529    
   17.3000011       16.6480331      -74.2815704      -57.6335335       93.0410614    
   17.4000015       16.7300110      -74.1131668      -57.3831520       93.4992065    
   17.5000000       17.0188484      -74.3066406      -57.2877960       95.1134338    
   17.6000004       16.9579945      -74.4126740      -57.4546814       94.7733383    
   17.6999989       16.8540840      -74.3577194      -57.5036354       94.1926117    
   17.7999992       16.8451099      -74.2767944      -57.4316826       94.1424637    
   17.8999996       16.9627628      -74.3720245      -57.4092560       94.7999878    
   18.0000000       16.1325684      -73.5580368      -57.4254684       90.1602783    
   18.1000004       16.8981476      -73.5640106      -56.6658592       94.4388733    
   18.1999989       17.6362362      -74.2886200      -56.6523819       98.5638351    
   18.3000011       16.7255135      -74.1688766      -57.4433670       93.4740677    
   18.3999996       16.8814297      -74.1704559      -57.2890244       94.3454437    
   18.5000000       16.9803505      -74.2665253      -57.2861710       94.8982849    
   18.5999985       17.0486774      -74.4469910      -57.3983154       95.2801361    
   18.6999989       16.4562492      -73.9859314      -57.5296783       91.9692307    
   18.7999992       16.5295429      -73.5511322      -57.0215874       92.3788528    
   18.8999996       17.5171223      -74.2470322      -56.7299080       97.8981476    
   18.9999981       17.2853451      -74.7541275      -57.4687805       96.6028061    
   19.0999985       16.7461185      -74.5521317      -57.8060150       93.5892258    
   19.2000008       16.9877491      -74.6599960      -57.6722412       94.9396362    
   19.3000011       16.5874596      -74.3886948      -57.8012352       92.7025299    
   19.4000015       16.4290981      -73.8698196      -57.4407234       91.8174896    
   19.5000019       17.0080280      -73.9573669      -56.9493408       95.0529633    
   19.6000004       17.8130093      -74.9156647      -57.1026573       99.5517731    
   19.7000008       16.4999619      -74.6692047      -58.1692467       92.2135239    
   19.8000011       16.9470367      -74.6194077      -57.6723709       94.7121048    
   19.8999996       16.9406948      -74.7064285      -57.7657318       94.6766586    
   20.0000000       17.0067921      -74.8081207      -57.8013268       95.0460510    
   20.0999985       16.5646591      -74.4428787      -57.8782234       92.5751038    
   20.2000008       17.0721645      -74.6043091      -57.5321465       95.4114075    
   20.2999992       16.3174801      -74.0505829      -57.7331009       91.1936874    
   20.4000015       17.2647152      -74.3932037      -57.1284904       96.4875183    
   20.5000000       16.8168278      -74.2721405      -57.4553108       93.9843979    
   20.5999985       16.9829731      -74.3961182      -57.4131470       94.9129410    
   20.7000008       16.8902836      -74.3512344      -57.4609489       94.3949280    
   20.7999992       17.1147995      -74.6045837      -57.4897881       95.6496735    
   20.9000015       16.7185669      -74.4496841      -57.7311134       93.4352493    
   20.9999981       16.8536758      -74.4195328      -57.5658531       94.1903381    
   21.0999985       16.8557568      -74.3930664      -57.5373116       94.2019577    
   21.1999989       17.2295303      -74.7223511      -57.4928246       96.2908783    
   21.2999973       16.3184624      -74.1316986      -57.8132401       91.1991806    
   21.3999996       16.9588451      -74.1634750      -57.2046280       94.7780991    
   21.4999981       16.9638939      -74.2175217      -57.2536240       94.8063126    
   21.5999985       16.7724285      -74.1397705      -57.3673401       93.7362671    
   21.6999989       17.0707932      -74.2945938      -57.2237968       95.4037399    
   21.8000011       16.4620876      -73.8682632      -57.4061775       92.0018616    
   21.9000015       16.8345013      -73.7949371      -56.9604378       94.0831680    
   22.0000000       16.9117393      -73.8230057      -56.9112625       94.5148315    
   22.1000004       17.0118580      -73.9649200      -56.9530602       95.0743713    
   22.1999989       17.2407551      -74.3131409      -57.0723801       96.3536072    
   22.2999992       16.8332596      -74.2750549      -57.4417992       94.0762405    
   22.3999996       16.8462753      -74.1721573      -57.3258781       94.1489792    
   22.5000000       16.3396816      -73.5920792      -57.2523956       91.3177643    
   22.5999985       17.2833309      -73.9826584      -56.6993294       96.5915527    
   22.7000008       16.8424854      -73.9393997      -57.0969162       94.1277924    
   22.7999992       16.8246479      -73.8815689      -57.0569229       94.0280991    
   22.8999996       17.0160675      -74.0036545      -56.9875870       95.0978928    
   23.0000000       17.0267982      -74.1075134      -57.0807152       95.1578674    
   23.1000004       17.2319889      -74.5141830      -57.2821922       96.3046112    
   23.2000008       16.7700768      -74.4248581      -57.6547775       93.7231216    
   23.2999973       17.3604164      -74.9330521      -57.5726357       97.0223618    
   23.4000015       16.5024853      -74.5335388      -58.0310516       92.2276306    
   23.4999981       16.7024536      -74.3062592      -57.6038094       93.3451996    
   23.6000004       17.0037384      -74.4424210      -57.4386864       95.0289917    
   23.6999989       16.7357178      -74.2886200      -57.5528984       93.5311050    
   23.7999973       16.6979008      -74.0406876      -57.3427887       93.3197479    
   23.8999996       16.8764954      -74.0733643      -57.1968727       94.3178635    
   23.9999981       17.4331894      -74.6928940      -57.2597122       97.4290619    
   24.1000004       16.5559673      -74.3379974      -57.7820358       92.5265198    
   24.1999989       16.3956604      -73.8182297      -57.4225655       91.6306229    
   24.2999992       17.0447693      -73.9271317      -56.8823586       95.2583008    
   24.4000015       16.6477089      -73.7263565      -57.0786476       93.0392456    
   24.5000000       17.3514633      -74.1337585      -56.7822990       96.9723282    
   24.6000023       17.4066429      -74.6766205      -57.2699738       97.2807083    
   24.6999989       16.7498093      -74.6204147      -57.8706055       93.6098557    
   24.7999992       17.0729637      -74.7680283      -57.6950684       95.4158707    
   24.8999996       16.3149281      -74.2350388      -57.9201126       91.1794281    
   25.0000000       16.8066959      -74.0608673      -57.2541733       93.9277802    
   25.1000004       17.1722870      -74.4096069      -57.2373276       95.9709549    
   25.2000008       16.4047012      -73.8536835      -57.4489861       91.6811371    
   25.2999992       16.8803387      -73.8551331      -56.9747925       94.3393478    
   25.3999996       17.0273819      -73.9943924      -56.9670143       95.1611252    
   25.5000000       16.9279461      -74.0515442      -57.1235962       94.6054153    
   25.6000004       16.9898834      -74.1217880      -57.1319084       94.9515610    
   25.7000008       16.9415779      -74.1817245      -57.2401428       94.6815948    
   25.7999973       16.8953590      -74.1761780      -57.2808189       94.4232864    
   25.8999996       17.2016029      -74.5318298      -57.3302307       96.1347961    
   25.9999981       16.6111279      -74.2016296      -57.5904999       92.8348007    
   26.1000004       16.8065777      -74.1425400      -57.3359604       93.9271240    
   26.1999989       16.5874157      -73.8175201      -57.2301064       92.7022781    
   26.2999973       17.7210426      -74.6692123      -56.9481735       99.0378036    
   26.3999996       16.5726681      -74.3936462      -57.8209763       92.6198654    
   26.4999981       16.8533230      -74.2826691      -57.4293442       94.1883621    
   26.6000004       16.8017330      -74.1315994      -57.3298645       93.9000397    
   26.6999989       16.8215294      -74.0710220      -57.2494888       94.0106812    
   26.8000011       16.9701004      -74.1990738      -57.2289772       94.8409958    
   26.9000015       17.0209846      -74.3042374      -57.2832527       95.1253738    
   26.9999981       16.7618504      -74.2786484      -57.5167961       93.6771469    
   27.1000004       16.3745689      -73.6293335      -57.2547646       91.5127411    
   27.1999989       17.2781925      -74.0401459      -56.7619553       96.5628357    
   27.3000011       16.4630852      -73.5798035      -57.1167145       92.0074387    
   27.3999996       17.2953529      -73.9550171      -56.6596642       96.6587372    
   27.5000000       17.1296577      -74.2459641      -57.1163063       95.7327118    
   27.6000004       16.6131821      -73.9087143      -57.2955284       92.8462906    
   27.7000008       17.0343990      -74.0907593      -57.0563583       95.2003479    
   27.8000011       17.2357006      -74.4895630      -57.2538605       96.3253632    
   27.8999996       16.6339550      -74.2198105      -57.5858574       92.9623718    
   28.0000000       17.0440674      -74.3646851      -57.3206215       95.2543793    
   28.1000004       16.7341385      -74.2415466      -57.5074120       93.5222702    
   28.1999989       16.8377972      -74.1427307      -57.3049393       94.1015930    
   28.2999992       17.2539101      -74.5548325      -57.3009224       96.4271240    
   28.3999996       16.3673382      -74.0062103      -57.6388741       91.4723282    
   28.4999981       17.3443985      -74.3964539      -57.0520592       96.9328384    
   28.6000004       17.1276474      -74.7203979      -57.5927505       95.7214737    
   28.6999989       16.3559189      -74.1358490      -57.7799339       91.4085083    
   28.7999992       16.8412838      -74.0571518      -57.2158623       94.1210785    
   28.8999996       16.7886295      -73.9232254      -57.1345978       93.8268051    
   28.9999981       17.3066101      -74.3471222      -57.0405121       96.7216492    
   29.1000004       16.4344273      -73.8453445      -57.4109192       91.8472672    
   29.1999989       17.3729420      -74.3588181      -56.9858742       97.0923615    
   29.3000011       16.9178467      -74.3446808      -57.4268341       94.5489655    
   29.3999977       16.8687611      -74.3964691      -57.5277061       94.2746429    
   29.4999981       16.8726921      -74.3779526      -57.5052643       94.2966080    
   29.6000004       16.5392361      -73.9913025      -57.4520721       92.4330139    
   29.6999989       16.6604881      -73.7590714      -57.0985794       93.1106644    
   29.8000011       16.9805202      -73.8875122      -56.9069939       94.8992233    
   29.8999996       17.5058041      -74.5247650      -57.0189667       97.8348923    
   30.0000000       16.9442635      -74.6361618      -57.6918945       94.6966019    
   30.1000004       16.5267467      -74.1806030      -57.6538620       92.3632202    
   30.1999989       16.6682987      -73.9594498      -57.2911491       93.1543121    
   30.3000011       17.3148365      -74.3915329      -57.0766983       96.7676315    
   30.3999996       17.1494923      -74.6952362      -57.5457458       95.8435669    
   30.5000000       16.9901543      -74.8352051      -57.8450546       94.9530716    
   30.5999985       17.0103550      -74.9215240      -57.9111710       95.0659637    
   30.6999989       16.7898922      -74.8051376      -58.0152473       93.8338623    
   30.7999992       16.2725277      -74.1705322      -57.8980026       90.9424667    
   30.8999996       16.5023880      -73.7306671      -57.2282791       92.2270889    
   31.0000000       16.8995991      -73.7425461      -56.8429451       94.4469910    
   31.0999985       17.0274677      -73.8229218      -56.7954483       95.1616058    
   31.1999989       17.0530376      -74.0861969      -57.0331573       95.3045120    
   31.2999992       17.4900284      -74.7198105      -57.2297821       97.7467270    
   31.3999996       16.1929321      -74.0279694      -57.8350372       90.4976273    
   31.5000000       17.1270542      -74.2497482      -57.1226883       95.7181702    
   31.6000004       17.1840096      -74.5634384      -57.3794289       96.0364685    
   31.6999969       16.7412834      -74.3912811      -57.6499939       93.5622025    
   31.8000011       17.2549000      -74.7713547      -57.5164566       96.4326630    
   31.8999977       16.2636318      -74.1571350      -57.8935089       90.8927460    
   31.9999981       17.0028763      -74.2214203      -57.2185440       95.0241699    
   32.1000023       16.9343529      -74.2332611      -57.2989044       94.6412125    
   32.2000008       17.1208057      -74.5048752      -57.3840714       95.6832504    
   32.3000031       16.9854240      -74.5858307      -57.6004066       94.9266357    
   32.3999977       16.5215855      -74.1902542      -57.6686630       92.3343811    
   32.5000038       16.9204063      -74.2613449      -57.3409424       94.5632706    
   32.5999985       17.0784416      -74.4100571      -57.3316116       95.4464798    
   32.6999969       16.8253632      -74.4377213      -57.6123543       94.0321045    
   32.7999992       16.5960064      -74.0326614      -57.4366570       92.7502899    
   32.8999977       17.3627262      -74.5962601      -57.2335320       97.0352631    
   33.0000000       16.7893085      -74.4903030      -57.7009964       93.8305969    
   33.0999985       16.7810307      -74.3589783      -57.5779457       93.7843475    
   33.2000008       17.0726891      -74.5090179      -57.4363251       95.4143295    
   33.2999992       16.9770107      -74.6067963      -57.6297836       94.8796158    
   33.4000015       16.6391850      -74.3918610      -57.7526779       92.9916077    
   33.5000000       17.0658932      -74.5287476      -57.4628487       95.3763580    
   33.5999985       16.6511230      -74.3073273      -57.6562042       93.0583267    
   33.6999969       16.9984722      -74.4499130      -57.4514389       94.9995575    
   33.7999992       16.9049377      -74.4368057      -57.5318680       94.4768219    
   33.8999977       16.8567009      -74.4079666      -57.5512619       94.2072449    
   34.0000000       16.9323235      -74.4682541      -57.5359344       94.6298752    
   34.0999985       16.7077694      -74.2944336      -57.5866661       93.3749008    
   34.1999969       16.7587528      -74.1063614      -57.3476067       93.6598358    
   34.2999992       17.4797459      -74.7492905      -57.2695427       97.6892548    
   34.3999977       16.5593510      -74.4496307      -57.8902817       92.5454407    
   34.5000000       17.2989750      -74.8734741      -57.5745010       96.6789780    
   34.6000023       16.7028198      -74.6875687      -57.9847488       93.3472443    
   34.7000008       16.8437099      -74.5835800      -57.7398720       94.1346359    
   34.8000031       17.0715618      -74.7867203      -57.7151604       95.4080276    
   34.8999977       17.1256428      -75.0714035      -57.9457588       95.7102814    
   35.0000000       16.0737572      -74.2053528      -58.1315918       89.8315887    
   35.0999985       17.1312332      -74.4152832      -57.2840538       95.7415237    
   35.2000008       17.0932198      -74.6346970      -57.5414734       95.5290680    
   35.2999992       16.5446796      -74.2730026      -57.7283249       92.4634399    
   35.3999977       16.8806019      -74.2709122      -57.3903160       94.3408127    
   35.5000000       16.9494934      -74.3269730      -57.3774796       94.7258301    
   35.5999985       16.6416073      -74.0200424      -57.3784332       93.0051422    
   35.7000008       17.1466427      -74.2963715      -57.1497307       95.8276443    
   35.7999992       17.1993675      -74.6365585      -57.4371948       96.1222992    
   35.9000015       16.5916443      -74.3842316      -57.7925911       92.7259140    
   36.0000000       16.9935703      -74.5111694      -57.5175972       94.9721603    
   36.0999985       16.6561470      -74.1739197      -57.5177689       93.0864029    
   36.2000008       17.1751499      -74.5714035      -57.3962555       95.9869614    
   36.2999992       16.1086617      -73.6848755      -57.5762138       90.0266647    
   36.3999977       17.1585331      -73.9381409      -56.7796097       95.8940964    
   36.5000000       17.0335083      -74.0556107      -57.0221024       95.1953659    
   36.6000023       17.2894516      -74.4838638      -57.1944122       96.6257553    
   36.6999969       16.6968727      -74.2840881      -57.5872116       93.3140106    
   36.7999992       17.2635727      -74.7373810      -57.4738121       96.4811249    
   36.8999977       16.2935772      -74.0845108      -57.7909317       91.0601044    
   37.0000000       16.7144585      -73.8592300      -57.1447754       93.4122849    
   37.0999985       17.5113468      -74.5362701      -57.0249252       97.8658676    
   37.1999969       16.5023632      -74.1094666      -57.6071053       92.2269516    
   37.2999992       16.8048534      -73.9718628      -57.1670113       93.9174728    
   37.3999977       17.1698246      -74.3066330      -57.1368065       95.9571991    
   37.5000000       16.5554867      -73.9748154      -57.4193268       92.5238342    
   37.5999985       17.2304916      -74.2923737      -57.0618782       96.2962494    
   37.6999969       17.0368080      -74.5627441      -57.5259361       95.2138062    
   37.7999992       16.9143944      -74.5584030      -57.6440086       94.5296631    
   37.8999977       16.8592491      -74.4590073      -57.5997581       94.2214890    
   37.9999962       16.8650665      -74.4294662      -57.5644035       94.2539902    
   38.0999985       16.8215904      -74.3603745      -57.5387802       94.0110168    
   38.1999969       17.0975342      -74.5695190      -57.4719810       95.5531921    
   38.3000031       16.8108368      -74.5211105      -57.7102737       93.9509201    
   38.4000015       17.1178188      -74.7575989      -57.6397820       95.6665573    
   38.5000038       16.7509995      -74.6196136      -57.8686142       93.6165085    
   38.6000023       16.6631222      -74.4179459      -57.7548218       93.1253815    
   38.6999969       17.1095123      -74.6067963      -57.4972801       95.6201248    
   38.8000031       16.6771736      -74.4165421      -57.7393684       93.2039108    
   38.9000015       16.9339733      -74.4651184      -57.5311470       94.6390915    
   39.0000038       16.4412804      -73.9748459      -57.5335693       91.8855743    
   39.0999985       17.2332821      -74.3081589      -57.0748711       96.3118439    
   39.2000008       17.4675159      -74.9610062      -57.4934883       97.6209030    
   39.3000031       16.3882732      -74.4576721      -58.0694046       91.5893326    
   39.4000015       16.6667061      -74.1895828      -57.5228767       93.1454163    
   39.5000000       16.8170643      -74.1156235      -57.2985573       93.9857254    
   39.6000023       16.9955597      -74.1621933      -57.1666336       94.9832764    
   39.7000008       17.2371368      -74.5723038      -57.3351707       96.3333893    
   39.7999992       17.1985722      -74.9240570      -57.7254868       96.1178589    
   39.9000015       16.4557056      -74.4407578      -57.9850540       91.9661942    
   40.0000000       16.9978657      -74.5422058      -57.5443420       94.9961624    
   40.0999985       16.6830616      -74.3226547      -57.6395912       93.2368164    
   40.1999969       16.8570843      -74.3087616      -57.4516754       94.2093887    
   40.3000031       16.6798916      -74.1001129      -57.4202194       93.2191010    
   40.4000015       16.8197765      -73.9774780      -57.1577034       94.0008774    
   40.5000000       17.2533264      -74.3587723      -57.1054420       96.4238663    
   40.5999985       17.4719810      -75.0103760      -57.5383911       97.6458588    
   40.7000008       16.6097469      -74.7073212      -58.0975761       92.8270798    
   40.8000031       16.4343529      -74.2261658      -57.7918129       91.8468552    
   40.8999977       17.1118774      -74.4408951      -57.3290215       95.6333466    
   41.0000000       16.7360477      -74.2627182      -57.5266724       93.5329437    
   41.0999985       16.9618988      -74.2725296      -57.3106346       94.7951584    
   41.1999969       17.1808701      -74.5859451      -57.4050789       96.0189209    
   41.2999992       16.7564240      -74.4145737      -57.6581497       93.6468201    
   41.4000015       16.8078327      -74.3297882      -57.5219536       93.9341278    
   41.5000000       17.1626778      -74.6268692      -57.4641876       95.9172516    
   41.5999985       16.6182976      -74.3058624      -57.6875610       92.8748703    
   41.6999969       16.7815609      -74.2621841      -57.4806252       93.7873001    
   41.8000031       16.7868690      -74.1124573      -57.3255882       93.8169708    
   41.8999977       17.4256210      -74.6693192      -57.2436943       97.3867722    
   41.9999962       16.5739861      -74.4359589      -57.8619728       92.6272354    
   42.0999985       17.1065655      -74.5614014      -57.4548340       95.6036606    
   42.1999969       16.6419621      -74.3827362      -57.7407722       93.0071259    
   42.2999992       16.9284077      -74.3503418      -57.4219360       94.6079941    
   42.3999977       16.8022556      -74.3043976      -57.5021400       93.9029617    
   42.5000000       16.6948509      -74.1037140      -57.4088669       93.3027039    
   42.5999947       17.0532894      -74.2865677      -57.2332802       95.3059158    
   42.6999969       16.5510750      -73.9513092      -57.4002380       92.4991837    
   42.7999992       17.0339661      -74.0391312      -57.0051651       95.1979218    
   42.9000015       17.6823826      -74.8993378      -57.2169533       98.8217392    
   42.9999962       16.5823040      -74.6142502      -58.0319481       92.6737213    
   43.0999947       16.7571144      -74.4777679      -57.7206535       93.6506805    
   43.1999969       17.0177135      -74.5064926      -57.4887772       95.1070938    
   43.2999992       17.0269661      -74.7090759      -57.6821136       95.1588058    
   43.3999977       16.8393898      -74.6877441      -57.8483505       94.1104889    
   43.4999962       16.3726807      -74.1285782      -57.7558975       91.5021896    
   43.6000023       16.5721436      -73.7236328      -57.1514893       92.6169281    
   43.6999969       16.9780445      -73.7795334      -56.8014870       94.8853912    
   43.8000031       17.3150539      -74.2631226      -56.9480705       96.7688446    
   43.9000015       17.0199909      -74.3618393      -57.3418465       95.1198196    
   44.0000000       16.9955139      -74.4525299      -57.4570122       94.9830246    
   44.0999985       17.0608101      -74.6873932      -57.6265831       95.3479462    
   44.2000008       17.1176453      -74.9231262      -57.8054771       95.6655884    
   44.3000031       16.4626637      -74.4242554      -57.9615936       92.0050735    
   44.3999977       16.9181881      -74.4638138      -57.5456276       94.5508728    
   44.5000000       16.7279205      -74.2292023      -57.5012779       93.4875259    
   44.5999985       16.7045135      -74.1033630      -57.3988495       93.3567047    
   44.7000046       16.7546883      -73.9091873      -57.1545029       93.6371155    
   44.7999992       17.1412487      -74.2114716      -57.0702248       95.7974930    
   44.9000015       16.5257587      -73.7643890      -57.2386284       92.3576965    
   45.0000000       17.0128403      -73.8918915      -56.8790512       95.0798569    
   45.0999985       17.0066051      -74.0051880      -56.9985847       95.0450058    
   45.1999969       17.1003761      -74.3013763      -57.2010002       95.5690765    
   45.3000031       16.8038177      -74.2273941      -57.4235764       93.9116974    
   45.4000015       16.7999859      -74.0849915      -57.2850113       93.8902817    
   45.4999962       16.8604717      -74.0790253      -57.2185555       94.2283096    
   45.5999985       16.8443317      -73.9866028      -57.1422691       94.1381073    
   45.7000046       17.4382019      -74.5564651      -57.1182594       97.4570770    
   45.7999992       16.7843933      -74.4802170      -57.6958199       93.8031311    
   45.8999977       16.8161736      -74.3840714      -57.5678940       93.9807434    
   46.0000000       17.3577671      -74.8859253      -57.5281563       97.0075455    
   46.0999985       16.3669586      -74.3928223      -58.0258675       91.4702072    
   46.2000008       16.8837547      -74.2906113      -57.4068604       94.3584366    
   46.2999992       16.9507351      -74.3879166      -57.4371834       94.7327728    
   46.4000015       17.1032829      -74.6040192      -57.5007324       95.5853119    
   46.5000000       16.6680851      -74.3610306      -57.6929474       93.1531219    
   46.5999947       16.7546272      -74.2221146      -57.4674873       93.6367798    
   46.7000008       17.1259480      -74.4860992      -57.3601494       95.7119827    
   46.8000031       16.8893604      -74.4561081      -57.5667496       94.3897629    
   46.8999977       16.4914513      -74.0758362      -57.5843849       92.1659622    
   46.9999962       17.2355404      -74.3719559      -57.1364212       96.3244705    
   47.0999985       17.0864677      -74.5612488      -57.4747772       95.4913406    
   47.2000008       16.8995514      -74.5927887      -57.6932373       94.4467163    
   47.2999992       16.7710037      -74.4857407      -57.7147408       93.7283096    
   47.3999977       17.0872288      -74.6973495      -57.6101265       95.4955978    
   47.5000000       16.8811245      -74.7206192      -57.8394928       94.3437347    
   47.5999947       16.8502445      -74.6510849      -57.8008385       94.1711578    
   47.7000008       16.9951401      -74.8020706      -57.8069344       94.9809341    
   47.7999992       16.8436184      -74.7349854      -57.8913651       94.1341248    
   47.9000015       16.7865582      -74.6447449      -57.8581886       93.8152313    
   47.9999962       16.8379784      -74.6192551      -57.7812767       94.1026077    
   48.0999947       16.6443157      -74.3419800      -57.6976585       93.0202789    
   48.2000008       17.4343204      -74.8540649      -57.4197464       97.4353943    
   48.2999992       16.5230923      -74.5892410      -58.0661507       92.3427963    
   48.3999977       16.5370502      -74.0384445      -57.5013924       92.4207993    
   48.4999962       16.8763695      -74.0813828      -57.2050171       94.3171616    
   48.5999985       16.2588806      -73.3467560      -57.0878754       90.8661957    
   48.7000008       17.4010448      -73.9546432      -56.5535965       97.2494202    
   48.8000031       17.0586796      -74.1303864      -57.0717087       95.3360367    
   48.9000015       16.9233227      -74.1613312      -57.2380066       94.5795670    
   49.0000000       16.9337730      -74.1860199      -57.2522430       94.6379776    
   49.0999985       16.7714214      -74.1248322      -57.3534088       93.7306366    
   49.2000046       17.3618946      -74.5552444      -57.1933479       97.0306244    
   49.3000031       16.7153606      -74.4456406      -57.7302780       93.4173279    
   49.3999977       16.5969849      -74.0520096      -57.4550247       92.7557602    
   49.5000000       17.4006691      -74.6690903      -57.2684174       97.2473221    
   49.5999985       16.8244324      -74.5575333      -57.7331009       94.0269012    
   49.7000046       16.9116287      -74.5990143      -57.6873856       94.5142136    
   49.7999992       16.5985775      -74.2588730      -57.6603012       92.7646637    
   49.9000015       16.3773499      -73.7140503      -57.3366966       91.5282822    
   50.0000000       17.3857288      -74.2550812      -56.8693542       97.1638184    
   50.0999985       16.7067471      -74.1180573      -57.4113121       93.3691940    
   50.2000008       17.0233994      -74.2106476      -57.1872520       95.1388702    
   50.3000031       16.8512383      -74.1583939      -57.3071556       94.1767120    
   50.4000015       17.2588978      -74.5393524      -57.2804565       96.4550018    
   50.4999962       17.0625572      -74.7132034      -57.6506424       95.3577118    
   50.5999985       16.7515297      -74.5795746      -57.8280411       93.6194611    
   50.7000008       16.5982323      -74.2826309      -57.6843948       92.7627411    
   50.7999992       16.9233437      -74.2721405      -57.3488007       94.5796814    
   50.8999977       17.3588657      -74.7979431      -57.4390793       97.0136948    
   51.0000000       16.5562439      -74.4627380      -57.9064980       92.5280762    
   51.0999985       16.6259842      -74.0932846      -57.4673004       92.9178238    
   51.2000008       17.1469154      -74.3618011      -57.2148857       95.8291702    
   51.2999992       16.8989639      -74.3991776      -57.5002213       94.4434280    
   51.4000015       16.5708313      -74.0631256      -57.4922905       92.6095963    
   51.4999962       17.1902351      -74.4397812      -57.2495461       96.0712662    
   51.5999947       17.0667591      -74.6113510      -57.5445938       95.3811951    
   51.7000008       16.6473675      -74.4087448      -57.7613754       93.0373383    
   51.7999992       16.5058517      -73.9986420      -57.4927864       92.2464447    
   51.8999977       17.2564354      -74.3556747      -57.0992393       96.4412460    
   51.9999962       16.7744045      -74.1986389      -57.4242363       93.7473068    
   52.0999985       17.2549534      -74.6011658      -57.3462105       96.4329529    
   52.2000008       16.8095303      -74.5711288      -57.7615929       93.9436188    
   52.2999992       16.3352757      -73.9586945      -57.6234207       91.2931442    
   52.3999977       16.9333344      -74.0431290      -57.1097946       94.6355209    
   52.5000000       17.4309978      -74.5494461      -57.1184464       97.4168167    
   52.5999947       16.6159801      -74.2958984      -57.6799164       92.8619232    
   52.6999969       16.8298035      -74.2410507      -57.4112473       94.0569153    
   52.7999992       16.8650551      -74.1965637      -57.3315125       94.2539215    
   52.8999977       16.9688053      -74.2921371      -57.3233299       94.8337555    
   52.9999962       16.4696064      -73.8544464      -57.3848381       92.0438843    
   53.0999947       16.9914646      -73.9483643      -56.9568977       94.9604034    
   53.2000008       17.3160667      -74.4119034      -57.0958366       96.7745056    
   53.2999954       17.0142307      -74.5694122      -57.5551834       95.0876236    
   53.3999977       16.9080944      -74.5468750      -57.6387825       94.4944611    
   53.4999962       16.8020687      -74.4730148      -57.6709518       93.9019165    
   53.6000023       16.8811169      -74.4804382      -57.5993195       94.3436890    
   53.6999969       16.6193371      -74.1875916      -57.5682564       92.8806839    
   53.8000031       17.1606255      -74.4844284      -57.3237991       95.9057846    
   53.9000015       16.9668446      -74.6119843      -57.6451378       94.8227997    
   53.9999962       16.4900646      -74.1053314      -57.6152649       92.1582108    
   54.1000023       16.9919395      -74.2909317      -57.2989960       94.9630432    
   54.2000008       17.2030315      -74.6454391      -57.4424057       96.1427765    
   54.3000031       16.5495872      -74.2237625      -57.6741714       92.4908752    
   54.3999977       16.6979961      -74.0398865      -57.3418884       93.3202896    
   54.5000000       17.0206585      -74.1918259      -57.1711655       95.1235580    
   54.6000023       16.8464355      -74.0415497      -57.1951180       94.1498718    
   54.7000008       17.4303265      -74.6809616      -57.2506332       97.4130630    
   54.7999992       16.2972450      -74.0837021      -57.7864609       91.0805969    
   54.9000015       17.2689629      -74.4189758      -57.1500130       96.5112457    
   55.0000000       16.8194599      -74.3728104      -57.5533524       93.9991150    
   55.1000023       17.0283699      -74.5058975      -57.4775276       95.1666489    
   55.2000008       16.8848743      -74.5296326      -57.6447563       94.3646851    
   55.2999992       16.6388988      -74.2105484      -57.5716476       92.9900055    
   55.4000015       17.0544224      -74.4284592      -57.3740349       95.3122482    
   55.4999962       16.8697147      -74.3883286      -57.5186157       94.2799683    
   55.6000023       16.9950695      -74.5218658      -57.5267944       94.9805450    
   55.7000008       16.5934277      -74.2020187      -57.6085930       92.7358856    
   55.7999992       17.0743790      -74.4061050      -57.3317299       95.4237747    
   55.8999977       17.0765591      -74.5972366      -57.5206795       95.4359589    
   56.0000000       16.6929359      -74.4105835      -57.7176437       93.2920074    
   56.1000023       16.9330750      -74.4682693      -57.5351982       94.6340714    
   56.2000008       16.5332413      -74.0719070      -57.5386696       92.3995209    
   56.2999992       16.8376865      -73.9717484      -57.1340599       94.1009674    
   56.3999977       17.6417789      -74.7545776      -57.1128006       98.5948105    
   56.4999962       16.7811165      -74.6845169      -57.9033966       93.7848206    
   56.5999985       16.3968010      -74.1541061      -57.7573051       91.6369858    
   56.7000008       17.2860241      -74.5320969      -57.2460670       96.6066055    
   56.7999992       17.0619984      -74.7415771      -57.6795845       95.3545914    
   56.8999977       16.4630413      -74.3004761      -57.8374367       92.0071869    
   56.9999962       17.4140587      -74.8002625      -57.3862076       97.3221512    
   57.1000023       17.2576046      -75.2273560      -57.9697533       96.4477768    
   57.2000008       16.9950142      -75.3923035      -58.3972855       94.9802322    
   57.2999992       16.4906616      -74.9430847      -58.4524231       92.1615524    
   57.3999977       16.7988243      -74.8317032      -58.0328751       93.8837814    
   57.4999962       16.8031425      -74.7424469      -57.9393044       93.9079132    
   57.5999985       16.7520065      -74.5723495      -57.8203430       93.6221313    
   57.6999969       16.7845440      -74.4878998      -57.7033539       93.8039780    
   57.7999992       16.6832371      -74.1795273      -57.4962921       93.2377930    
   57.8999977       16.6001587      -73.8521500      -57.2519875       92.7734985    
   57.9999962       17.2901497      -74.2523117      -56.9621620       96.6296616    
   58.0999985       16.6736126      -74.1167221      -57.4431038       93.1840057    
   58.2000008       16.6826630      -73.8102417      -57.1275787       93.2345886    
   58.2999954       17.1277924      -74.0710373      -56.9432487       95.7222900    
   58.3999977       16.8424988      -74.0258102      -57.1833153       94.1278687    
   58.4999962       17.3604908      -74.5325851      -57.1720963       97.0227814    
   58.6000023       16.5714321      -74.1651230      -57.5936928       92.6129532    
   58.6999969       17.1879711      -74.5110855      -57.3231125       96.0586166    
   58.7999954       16.5591316      -74.1415253      -57.5823936       92.5442123    
   58.9000015       16.6855583      -73.8604355      -57.1748810       93.2507706    
   58.9999962       17.2490730      -74.2533722      -57.0042992       96.4001007    
   59.1000023       16.4815807      -73.8288574      -57.3472786       92.1107941    
   59.2000008       17.2561798      -74.1781006      -56.9219208       96.4398041    
   59.3000031       16.5782871      -73.8582535      -57.2799644       92.6512680    
   59.3999977       17.1609879      -74.1056366      -56.9446487       95.9078140    
   59.5000000       16.8915558      -74.1699142      -57.2783546       94.4020309    
   59.6000023       17.1459503      -74.4256821      -57.2797279       95.8237762    
   59.7000008       16.8085918      -74.3398895      -57.5312996       93.9383698    
   59.7999992       16.9354439      -74.4054718      -57.4700279       94.6473160    
   59.9000015       16.6728020      -74.1602020      -57.4873962       93.1794815    
   60.0000000       16.9418926      -74.2598801      -57.3179893       94.6833496    
   60.0999985       16.9368858      -74.3169479      -57.3800621       94.6553726    
   60.2000008       17.2702026      -74.7114639      -57.4412651       96.5181808    
   60.2999992       16.5704784      -74.3761368      -57.8056602       92.6076202    
   60.3999977       17.1136608      -74.5979004      -57.4842377       95.6433182    
   60.4999962       16.2739296      -73.9399033      -57.6659737       90.9503021    
   60.6000023       17.2337246      -74.2514114      -57.0176849       96.3143158    
   60.7000008       17.0810738      -74.5130234      -57.4319496       95.4611969    
   60.7999992       16.9403381      -74.5753250      -57.6349869       94.6746597    
   60.8999977       16.6068211      -74.2482910      -57.6414757       92.8107376    
   61.0000000       16.9764137      -74.3803177      -57.4039078       94.8762741    
   61.1000023       16.2956371      -73.7138901      -57.4182510       91.0716095    
   61.1999969       17.1326275      -73.9494858      -56.8168564       95.7493134    
   61.2999992       16.7974815      -73.8916626      -57.0941849       93.8762817    
   61.3999977       16.9047928      -73.8613129      -56.9565201       94.4760132    
   61.4999962       16.6956577      -73.6498718      -56.9542122       93.3072128    
   61.5999985       17.0695934      -73.7659988      -56.6964035       95.3970337    
   61.7000008       17.0317307      -73.9704437      -56.9387169       95.1854248    
   61.7999992       16.5441799      -73.6435699      -57.0993919       92.4606476    
   61.8999977       16.9807415      -73.7440338      -56.7632866       94.9004669    
   62.0000000       17.0715199      -73.8760071      -56.8044930       95.4077988    
   62.1000023       17.1924210      -74.2729340      -57.0805130       96.0834808    
   62.1999969       16.2965031      -73.6173553      -57.3208542       91.0764542    
   62.2999954       16.7254696      -73.3850555      -56.6595879       93.4738235    
   62.3999977       17.8074703      -74.3514099      -56.5439415       99.5208206    
   62.5000038       16.9657936      -74.5811768      -57.6153793       94.8169250    
   62.5999985       16.3984756      -74.0521774      -57.6536980       91.6463547    
   62.6999969       16.9260254      -74.0714493      -57.1454277       94.5946732    
   62.7999992       17.0148296      -74.2175522      -57.2027245       95.0909805    
   62.8999977       16.8406963      -74.1405106      -57.2998161       94.1177979    
   63.0000000       16.8474712      -74.0758972      -57.2284279       94.1556549    
   63.0999985       16.8539352      -74.0416412      -57.1877060       94.1917801    
   63.2000008       17.1350670      -74.2773972      -57.1423302       95.7629471    
   63.2999954       17.0899906      -74.5333099      -57.4433212       95.5110321    
   63.3999939       16.8270111      -74.4649734      -57.6379623       94.0413132    
   63.5000000       16.6857910      -74.2144241      -57.5286331       93.2520752    
   63.6000023       17.3891926      -74.7927856      -57.4035873       97.1831818    
   63.6999969       16.3923435      -74.1870041      -57.7946587       91.6120834    
   63.7999954       16.7442188      -74.0211029      -57.2768860       93.5786133    
   63.8999977       16.8988037      -74.0247116      -57.1259079       94.4425354    
   63.9999962       16.7437496      -73.8615799      -57.1178284       93.5759811    
   64.0999985       17.3421288      -74.3641586      -57.0220337       96.9201584    
   64.2000046       16.4717731      -73.9521332      -57.4803619       92.0559921    
   64.3000031       17.2502995      -74.3114014      -57.0611038       96.4069519    
   64.4000015       16.9954700      -74.4668732      -57.4714050       94.9827881    
   64.5000000       17.0519333      -74.6028442      -57.5509109       95.2983322    
   64.6000061       16.7096138      -74.4121933      -57.7025795       93.3852158    
   64.6999969       17.0035191      -74.5671463      -57.5636253       95.0277634    
   64.7999954       16.8286686      -74.4730072      -57.6443329       94.0505753    
   64.9000015       16.5974846      -74.1844711      -57.5869827       92.7585602    
   65.0000076       17.0039845      -74.2588348      -57.2548485       95.0303650    
   65.0999985       16.5369453      -73.8746033      -57.3376541       92.4202194    
   65.1999969       17.2755699      -74.3446121      -57.0690422       96.5481796    
   65.3000031       16.5261574      -73.9625626      -57.4364090       92.3599243    
   65.3999939       17.2245922      -74.2830353      -57.0584488       96.2632751    
   65.5000000       16.6033669      -73.9679489      -57.3645859       92.7914276    
   65.5999985       16.9354172      -73.9842529      -57.0488358       94.6471558    
   65.7000046       17.7307491      -74.8463364      -57.1155891       99.0920410    
   65.7999954       16.4093952      -74.4180832      -58.0086861       91.7073746    
   65.8999939       17.1051655      -74.6625061      -57.5573387       95.5958405    
   66.0000000       16.8196545      -74.5557480      -57.7360916       94.0001984    
   66.1000061       16.6132660      -74.2370911      -57.6238213       92.8467560    
   66.1999969       16.9131584      -74.2731323      -57.3599701       94.5227661    
   66.2999954       16.9908981      -74.3155136      -57.3246117       94.9572296    
   66.4000015       17.5751438      -75.0707245      -57.4955826       98.2224121    
   66.5000000       16.7202034      -74.9386902      -58.2184906       93.4443970    
   66.5999985       16.3606148      -74.3597260      -57.9991112       91.4347534    
   66.6999969       17.0409050      -74.5199203      -57.4790154       95.2367020    
   66.8000031       17.2891064      -74.8843460      -57.5952415       96.6238251    
   66.8999939       16.6349792      -74.6645737      -58.0295944       92.9681015    
   67.0000000       16.5410824      -74.2729950      -57.7319145       92.4433441    
   67.0999985       17.3057365      -74.7872467      -57.4815102       96.7167740    
   67.1999969       16.8315811      -74.7135162      -57.8819389       94.0668564    
   67.2999954       16.6513081      -74.4321747      -57.7808685       93.0593643    
   67.3999939       16.8359089      -74.3518829      -57.5159760       94.0910416    
   67.5000000       17.1642742      -74.6048889      -57.4406128       95.9261856    
   67.5999985       16.9056072      -74.7099380      -57.8043289       94.4805603    
   67.6999969       16.8497734      -74.5993881      -57.7496185       94.1685257    
   67.7999954       16.6649780      -74.3797226      -57.7147446       93.1357574    
   67.8999939       16.3481674      -73.7145309      -57.3663673       91.3651962    
   68.0000000       17.2034168      -74.1151123      -56.9116898       96.1449356    
   68.0999985       17.0518990      -74.3157959      -57.2638931       95.2981491    
   68.1999969       16.9775352      -74.3489532      -57.3714142       94.8825531    
   68.2999954       17.1459713      -74.6941528      -57.5481796       95.8238907    
   68.3999939       16.7814140      -74.5992050      -57.8177910       93.7864838    
   68.5000000       16.9965458      -74.7327499      -57.7362022       94.9887924    
   68.5999985       16.4208221      -74.1984787      -57.7776566       91.7712326    
   68.6999969       16.8123627      -74.1079254      -57.2955627       93.9594421    
   68.7999954       16.5167770      -73.7086945      -57.1919136       92.3075027    
   68.8999939       17.6401024      -74.4592514      -56.8191452       98.5854492    
   69.0000000       16.8351994      -74.4337692      -57.5985718       94.0870743    
   69.0999985       16.6964531      -74.3211670      -57.6247139       93.3116608    
   69.2000046       16.8641968      -74.2490311      -57.3848343       94.2491379    
   69.2999954       17.1829472      -74.5736771      -57.3907242       96.0305405    
   69.4000015       16.8968201      -74.5668945      -57.6700745       94.4314575    
   69.5000000       16.5418682      -74.1872253      -57.6453552       92.4477310    
   69.6000061       17.0975533      -74.4152374      -57.3176842       95.5532990    
   69.6999969       16.9055500      -74.4406967      -57.5351448       94.4802399    
   69.7999954       16.4928265      -73.9861679      -57.4933434       92.1736450    
   69.9000015       17.2556477      -74.3464203      -57.0907707       96.4368439    
   70.0000000       16.8284874      -74.2332458      -57.4047585       94.0495605    
   70.0999985       17.0066433      -74.4258575      -57.4192200       95.0452194    
   70.1999969       16.5633965      -74.0135651      -57.4501686       92.5680466    
   70.3000031       17.1985321      -74.3390427      -57.1405067       96.1176376    
   70.4000015       16.7197475      -74.1465530      -57.4268036       93.4418411    
   70.5000000       17.1743088      -74.4402466      -57.2659340       95.9822617    
   70.5999985       16.8114300      -74.3643417      -57.5529099       93.9542389    
   70.7000046       16.5174408      -73.9620590      -57.4446182       92.3112106    
   70.7999954       16.9151802      -73.9496460      -57.0344658       94.5340576    
   70.9000015       17.2009468      -74.2408600      -57.0399132       96.1311340    
   71.0000000       16.8976364      -74.2981033      -57.4004669       94.4360123    
   71.0999985       16.8625278      -74.2644424      -57.4019127       94.2398071    
   71.1999969       17.1722107      -74.5721359      -57.3999252       95.9705276    
   71.2999954       16.7378502      -74.4379425      -57.7000923       93.5430222    
   71.4000015       17.0234013      -74.5651474      -57.5417404       95.1388855    
   71.5000000       16.6837978      -74.3156662      -57.6318626       93.2409363    
   71.5999985       16.9669666      -74.4372025      -57.4702415       94.8234787    
   71.6999969       17.1533604      -74.6564178      -57.5030594       95.8651810    
   71.8000031       16.3974895      -74.1999130      -57.8024292       91.6408386    
   71.9000015       17.0736504      -74.3247452      -57.2510986       95.4197006    
   72.0000000       17.1189098      -74.6120682      -57.4931564       95.6726532    
   72.0999985       16.9514027      -74.7028580      -57.7514534       94.7364960    
   72.1999969       16.7556458      -74.5176849      -57.7620392       93.6424713    
   72.2999954       16.7045994      -74.3701477      -57.6655502       93.3571854    
   72.4000015       16.9895382      -74.4042282      -57.4146881       94.9496307    
   72.5000000       16.8635426      -74.4223862      -57.5588379       94.2454834    
   72.5999985       16.8141422      -74.3049774      -57.4908371       93.9693909    
   72.6999969       17.6682205      -75.0778427      -57.4096184       98.7425919    
   72.7999954       16.5569839      -74.8339005      -58.2769165       92.5322037    
   72.9000015       16.5817528      -74.5046692      -57.9229202       92.6706390    
   73.0000000       16.4765339      -74.0402985      -57.5637665       92.0825958    
   73.0999908       17.0687656      -74.2271881      -57.1584244       95.3924026    
   73.2000046       17.1821384      -74.6031494      -57.4210129       96.0260086    
   73.2999954       16.7799511      -74.5058746      -57.7259216       93.7783051    
   73.3999939       16.7357769      -74.3284988      -57.5927238       93.5314331    
   73.4999924       17.0499821      -74.4906235      -57.4406433       95.2874298    
   73.5999985       16.9726562      -74.5786514      -57.6059914       94.8552780    
   73.6999969       16.6148205      -74.2944031      -57.6795845       92.8554382    
   73.7999954       17.4068394      -74.8084946      -57.4016533       97.2818069    
   73.8999939       16.7033577      -74.6559677      -57.9526100       93.3502502    
   74.0000000       16.9582634      -74.7365952      -57.7783318       94.7748413    
   74.0999985       16.7643623      -74.6412506      -57.8768921       93.6911850    
   74.1999969       17.2832489      -75.0384369      -57.7551880       96.5910950    
   74.2999954       16.5788345      -74.7560730      -58.1772423       92.6543198    
   74.3999939       16.2465878      -74.0664139      -57.8198242       90.7974930    
   74.5000000       17.3999157      -74.5670013      -57.1670914       97.2431030    
   74.5999985       16.9963131      -74.6803207      -57.6840019       94.9874954    
   74.6999969       16.6149979      -74.4577560      -57.8427620       92.8564301    
   74.7999954       16.5269032      -73.9811783      -57.4542694       92.3640976    
   74.9000015       17.1363621      -74.2446136      -57.1082573       95.7701797    
   75.0000000       16.5995541      -73.8993683      -57.2998123       92.7701187    
   75.0999908       17.4960403      -74.5543518      -57.0583076       97.7803268    
   75.1999969       16.8825665      -74.5256348      -57.6430702       94.3517914    
   75.3000031       16.9617767      -74.6222839      -57.6604996       94.7944794    
   75.3999939       16.7529049      -74.4654160      -57.7125168       93.6271515    
   75.4999924       16.7839527      -74.3917007      -57.6077499       93.8006668    
   75.5999985       17.0085468      -74.4472809      -57.4387360       95.0558624    
   75.6999969       16.9184093      -74.5281982      -57.6097832       94.5521088    
   75.7999954       16.5535965      -74.1575394      -57.6039429       92.5132828    
   75.8999939       17.1637058      -74.4272003      -57.2634926       95.9230042    
   75.9999924       16.9945431      -74.5402374      -57.5456886       94.9776001    
   76.0999985       17.1248894      -74.8466034      -57.7217102       95.7060699    
   76.1999969       16.4080105      -74.3148575      -57.9068489       91.6996384    
   76.2999954       17.2898540      -74.6660843      -57.3762321       96.6280060    
   76.3999939       17.1554260      -74.9802017      -57.8247757       95.8767319    
   76.4999924       16.6541157      -74.7194214      -58.0653076       93.0750504    
   76.6000061       17.0572090      -74.8773651      -57.8201599       95.3278275    
   76.6999969       17.2608852      -75.3223419      -58.0614510       96.4661102    
   76.8000031       17.2719460      -75.7169952      -58.4450455       96.5279236    
   76.9000015       15.9166079      -74.7271805      -58.8105736       88.9533310    
   77.0000076       16.6204052      -74.2699127      -57.6495094       92.8866501    
   77.1000061       17.5476894      -74.9233627      -57.3756752       98.0689697    
   77.2000046       16.8395672      -74.9371567      -58.0975914       94.1114883    
   77.3000031       16.5650425      -74.5401840      -57.9751434       92.5772476    
   77.3999939       16.6808224      -74.3617706      -57.6809502       93.2243118    
   77.5000076       16.6243000      -74.0014496      -57.3771515       92.9084244    
   77.6000061       17.4718380      -74.6466522      -57.1748123       97.6450653    
   77.6999969       16.9068012      -74.7584000      -57.8515968       94.4872284    
   77.8000031       16.8327293      -74.6402893      -57.8075562       94.0732727    
   77.8999939       16.1716785      -73.9017487      -57.7300758       90.3788452    
   78.0000076       17.3571129      -74.2893753      -56.9322624       97.0038910    
   78.1000061       16.7089558      -74.1412964      -57.4323425       93.3815308    
   78.1999969       17.1207542      -74.3900223      -57.2692642       95.6829605    
   78.3000107       16.5244522      -74.0427170      -57.5182648       92.3503952    
   78.4000015       17.3461494      -74.5530167      -57.2068672       96.9426193    
   78.5000000       16.7142086      -74.3503799      -57.6361732       93.4108887    
   78.6000061       17.2330284      -74.7007599      -57.4677315       96.3104324    
   78.6999969       17.1532001      -75.0298920      -57.8766899       95.8642883    
   78.8000031       16.4586868      -74.5608215      -58.1021347       91.9828568    
   78.9000015       16.7796497      -74.4078674      -57.6282196       93.7766190    
   79.0000000       17.0317822      -74.5870132      -57.5552330       95.1857147    
   79.0999985       16.5965118      -74.3223877      -57.7258759       92.7531204    
   79.2000046       16.7744427      -74.1028671      -57.3284264       93.7475204    
   79.3000031       16.7858601      -73.9929428      -57.2070808       93.8113327    
   79.4000015       17.2790108      -74.4017715      -57.1227570       96.5674133    
   79.5000000       16.8229198      -74.3417511      -57.5188370       94.0184479    
   79.5999985       16.9804897      -74.4699554      -57.4894676       94.8990631    
   79.7000046       16.6353951      -74.1413040      -57.5059090       92.9704208    
   79.8000031       16.8809757      -74.1043701      -57.2233925       94.3429031    
   79.8999939       16.8461418      -74.0815659      -57.2354240       94.1482315    
   80.0000000       16.7076740      -73.9242477      -57.2165756       93.3743668    
   80.1000061       17.3531132      -74.4000320      -57.0469208       96.9815445    
   80.1999969       16.9926605      -74.5144577      -57.5217972       94.9670792    
   80.3000031       16.6912975      -74.3526230      -57.6613235       93.2828445    
   80.3999939       16.8421059      -74.2043457      -57.3622398       94.1256714    
   80.5000076       17.4393997      -74.8002777      -57.3608780       97.4637833    
   80.6000061       16.6284313      -74.5760727      -57.9476433       92.9315033    
   80.6999969       16.4021873      -74.0487747      -57.6465874       91.6670914    
   80.8000031       16.9978619      -74.1588974      -57.1610336       94.9961472    
   80.8999939       16.9909229      -74.2236328      -57.2327118       94.9573669    
   81.0000000       16.3666000      -73.6598969      -57.2932930       91.4682083    
   81.1000061       16.7371502      -73.4614792      -56.7243309       93.5391006    
   81.1999969       16.7661324      -73.4148865      -56.6487541       93.7010727    
   81.2999954       17.6368790      -74.1401215      -56.5032463       98.5674362    
   81.4000015       17.5104485      -74.8474960      -57.3370476       97.8608398    
   81.5000000       16.4660721      -74.4127426      -57.9466667       92.0241241    
   81.6000061       16.9576073      -74.4722290      -57.5146179       94.7711716    
   81.6999969       16.4244595      -73.9295044      -57.5050430       91.7915649    
   81.7999954       16.7543793      -73.8042450      -57.0498695       93.6353912    
   81.9000015       17.3171005      -74.2631149      -56.9460182       96.7802811    
   82.0000000       16.6606560      -74.0337601      -57.3731041       93.1115952    
   82.0999985       16.9729557      -74.0903320      -57.1173744       94.8569565    
   82.1999969       17.4083405      -74.6227570      -57.2144203       97.2901917    
   82.3000031       16.6855240      -74.4667053      -57.7811775       93.2505798    
   82.3999939       17.1929951      -74.7305069      -57.5375099       96.0866928    
   82.5000000       16.8835239      -74.7470856      -57.8635597       94.3571472    
   82.5999985       16.6378498      -74.4301453      -57.7922897       92.9841461    
   82.6999893       16.6668282      -74.2499542      -57.5831261       93.1460953    
   82.8000031       16.6942921      -73.9656448      -57.2713547       93.2995834    
   82.8999939       16.6916962      -73.7828217      -57.0911217       93.2850800    
   83.0000000       16.9375229      -73.8418732      -56.9043541       94.6589279    
   83.0999985       17.4523926      -74.4433823      -56.9909897       97.5363846    
   83.1999969       16.8438625      -74.3611221      -57.5172577       94.1354904    
   83.3000031       16.9226646      -74.4561768      -57.5335121       94.5758896    
   83.3999939       16.7148895      -74.2404251      -57.5255356       93.4146957    
   83.4999924       17.0951939      -74.4565811      -57.3613853       95.5401077    
   83.6000061       17.0493259      -74.6351166      -57.5857887       95.2837601    
   83.6999969       16.6427364      -74.4114227      -57.7686844       93.0114517    
   83.7999954       16.8206863      -74.2911530      -57.4704742       94.0059586    
   83.8999939       16.4728241      -73.8433990      -57.3705750       92.0618668    
   83.9999924       16.7944851      -73.7470932      -56.9526062       93.8595352    
   84.1000061       17.6976871      -74.6796799      -56.9819908       98.9072647    
   84.1999969       16.4144535      -74.1967621      -57.7823067       91.7356415    
   84.2999954       16.9435024      -74.1941071      -57.2506065       94.6923447    
   84.3999939       16.6087704      -73.9193115      -57.3105392       92.8216248    
   84.5000000       17.4036160      -74.4596710      -57.0560570       97.2637939    
   84.5999985       16.7119522      -74.2850113      -57.5730591       93.3982849    
   84.6999969       16.4729843      -73.8297501      -57.3567657       92.0627594    
   84.7999954       17.3522739      -74.2849808      -56.9327087       96.9768524    
   84.8999863       17.0751095      -74.5362396      -57.4611282       95.4278564    
   85.0000000       16.9134827      -74.6248398      -57.7113571       94.5245743    
   85.0999985       16.9907780      -74.6952667      -57.7044945       94.9565582    
   85.1999893       16.9985657      -74.8293991      -57.8308334       95.0000839    
   85.2999954       16.6646156      -74.5745926      -57.9099770       93.1337280    
   85.3999939       16.5054398      -74.1209183      -57.6154785       92.2441406    
   85.5000000       16.9743576      -74.2201691      -57.2458115       94.8647919    
   85.5999985       16.7709656      -74.0357513      -57.2647820       93.7280960    
   85.6999893       17.1365128      -74.3700256      -57.2335091       95.7710266    
   85.8000031       15.9778652      -73.4035873      -57.4257240       89.2956772    
   85.8999939       16.8575439      -73.3712387      -56.5136948       94.2119446    
   85.9999924       17.5118561      -73.9708481      -56.4589920       97.8687134    
   86.0999985       17.2519951      -74.4231644      -57.1711655       96.4164200    
   86.1999893       16.6210175      -74.1336288      -57.5126114       92.8900681    
   86.2999954       16.5951176      -73.7628632      -57.1677475       92.7453232    
   86.3999939       17.1017151      -73.9977264      -56.8960075       95.5765610    
   86.4999924       17.4827633      -74.6510315      -57.1682701       97.7061234    
   86.5999985       16.0117092      -73.7295761      -57.7178688       89.4848251    
   86.6999969       16.9396439      -73.7905579      -56.8509140       94.6707840    
   86.7999954       16.8296108      -73.7335815      -56.9039726       94.0558395    
   86.8999939       17.1011753      -73.9125366      -56.8113594       95.5735321    
   86.9999924       16.8553467      -73.8932724      -57.0379257       94.1996689    
   87.1000061       17.1458740      -74.1343842      -56.9885101       95.8233490    
   87.2000046       17.2727776      -74.5528183      -57.2800369       96.5325699    
   87.3000031       16.8673058      -74.5811081      -57.7138062       94.2665100    
   87.3999939       17.0024586      -74.7092972      -57.7068367       95.0218353    
   87.5000076       17.0950871      -74.8804092      -57.7853165       95.5395126    
   87.6000061       16.3628674      -74.3702316      -58.0073624       91.4473495    
   87.6999969       16.4717369      -73.9041977      -57.4324570       92.0557861    
   87.8000031       17.0678558      -74.0339432      -56.9660912       95.3873215    
   87.8999939       17.0749149      -74.3548965      -57.2799835       95.4267731    
   88.0000000       17.5200024      -75.0064697      -57.4864693       97.9142456    
   88.1000061       16.5044479      -74.7290573      -58.2246056       92.2385941    
   88.1999969       16.7378998      -74.4304962      -57.6925964       93.5432892    
   88.3000031       17.1989880      -74.7905350      -57.5915451       96.1201859    
   88.4000015       16.8317184      -74.7664871      -57.9347687       94.0676193    
   88.5000000       16.7273788      -74.5535126      -57.8261414       93.4844894    
   88.6000061       16.9143620      -74.6065750      -57.6922150       94.5294952    
   88.6999969       16.6949806      -74.3796844      -57.6847038       93.3034286    
   88.7999954       16.7200089      -74.1189880      -57.3989830       93.4433060    
   88.9000092       17.2457943      -74.5364990      -57.2907066       96.3817749    
   89.0000000       16.8814220      -74.5800934      -57.6986732       94.3453979    
   89.0999985       16.9758530      -74.6637802      -57.6879311       94.8731461    
   89.1999969       16.8209686      -74.6050949      -57.7841263       94.0075378    
   89.3000031       16.9164715      -74.5971375      -57.6806679       94.5412827    
   89.4000092       16.7942543      -74.4869461      -57.6926918       93.8582458    
   89.5000000       16.3233051      -73.8470154      -57.5237160       91.2262497    
   89.5999985       17.4281044      -74.4319000      -57.0037956       97.4006500    
   89.7000046       16.6051197      -74.1482010      -57.5430794       92.8012238    
   89.8000031       16.8071861      -74.0135574      -57.2063713       93.9305115    
   89.8999939       17.0437393      -74.2293243      -57.1855812       95.2525482    
   90.0000000       17.1080856      -74.4616394      -57.3535538       95.6121597    
   90.1000061       16.6302242      -74.2016602      -57.5714340       92.9415283    
   90.1999969       17.0083160      -74.3133850      -57.3050690       95.0545731    
   90.3000031       16.8160095      -74.1918411      -57.3758278       93.9798279    
   90.3999939       17.3491402      -74.7009888      -57.3518486       96.9593353    
   90.5000000       17.0460835      -74.9221573      -57.8760757       95.2656403    
   90.6000061       17.0998611      -75.2089462      -58.1090813       95.5661926    
   90.6999969       16.1683197      -74.4109268      -58.2426033       90.3600769    
   90.8000031       16.8411579      -74.3077164      -57.4665604       94.1203766    
   90.9000015       16.9637299      -74.3902969      -57.4265709       94.8053894    
   90.9999924       16.9315853      -74.4466324      -57.5150528       94.6257401    
   91.1000061       16.9929657      -74.5367508      -57.5437851       94.9687881    
   91.1999969       17.0482464      -74.7631531      -57.7149086       95.2777328    
   91.2999954       17.3922157      -75.2662964      -57.8740768       97.2000809    
   91.4000092       16.5703068      -74.9601059      -58.3898010       92.6066666    
   91.5000000       17.1472092      -75.2465134      -58.0993080       95.8308029    
   91.5999985       16.6457462      -74.9490433      -58.3032913       93.0282669    
   91.6999969       17.0214443      -75.1174088      -58.0959663       95.1279449    
   91.7999954       16.8147011      -74.9953918      -58.1806908       93.9725113    
   91.9000092       16.8711681      -75.0060349      -58.1348686       94.2880859    
   92.0000000       16.8911591      -74.9645233      -58.0733604       94.3998108    
   92.0999985       16.4958706      -74.6336594      -58.1377907       92.1906662    
   92.1999969       16.6417522      -74.2475204      -57.6057663       93.0059509    
   92.3000031       16.8542709      -74.2740173      -57.4197464       94.1936646    
   92.4000015       16.5410538      -73.8547821      -57.3137283       92.4431763    
   92.5000000       17.2285366      -74.2546539      -57.0261116       96.2853165    
   92.5999985       17.3166275      -74.8108139      -57.4941902       96.7776337    
   92.6999893       17.1841507      -75.1034775      -57.9193306       96.0372543    
   92.8000031       16.7972641      -74.9858932      -58.1886292       93.8750687    
   92.9000015       16.5309391      -74.6232376      -58.0922966       92.3866577    
   93.0000000       16.3987045      -74.0725632      -57.6738548       91.6476364    
   93.0999985       17.0268307      -74.2304306      -57.2035942       95.1580505    
   93.1999893       16.9069881      -74.2231522      -57.3161659       94.4882812    
   93.3000031       17.0035820      -74.3247452      -57.3211632       95.0281219    
   93.4000015       17.0220203      -74.5039749      -57.4819489       95.1311646    
   93.4999924       16.3968430      -74.0019455      -57.6051025       91.6372223    
   93.6000061       17.1204090      -74.1929474      -57.0725403       95.6810303    
   93.6999969       17.1318169      -74.5011749      -57.3693581       95.7447815    
   93.7999954       16.6788330      -74.2502975      -57.5714684       93.2131882    
   93.9000015       17.1384697      -74.5083466      -57.3698730       95.7819595    
   93.9999924       16.9466133      -74.5676193      -57.6210022       94.7097397    
   94.0999985       16.6872444      -74.4028168      -57.7155724       93.2602005    
   94.1999969       16.8818893      -74.2927094      -57.4108200       94.3480148    
   94.2999954       17.0884876      -74.5195007      -57.4310112       95.5026321    
   94.4000015       17.1833572      -74.9084625      -57.7251015       96.0328293    
   94.4999924       16.0498543      -73.9946442      -57.9447861       89.6980057    
   94.5999985       16.9100113      -74.0001984      -57.0901833       94.5051804    
   94.6999969       17.1901474      -74.2944489      -57.1043015       96.0707703    
   94.7999954       16.9240952      -74.3314590      -57.4073639       94.5838928    
   94.8999939       16.5863628      -73.9927597      -57.4063911       92.6963959    
   95.0000000       17.1548157      -74.2997437      -57.1449318       95.8733139    
   95.0999985       16.6454945      -74.0369568      -57.3914642       93.0268631    
   95.1999893       17.3922768      -74.5678177      -57.1755409       97.2004166    
   95.2999954       17.3328362      -75.0729523      -57.7401161       96.8682251    
   95.4000015       16.2454586      -74.4039307      -58.1584778       90.7911758    
   95.5000000       16.4877110      -73.9649658      -57.4772568       92.1450577    
   95.5999985       17.1733418      -74.2088394      -57.0354996       95.9768524    
   95.6999893       17.0639305      -74.4774780      -57.4135475       95.3653870    
   95.8000031       16.7096310      -74.2688904      -57.5592575       93.3853149    
   95.9000015       17.1755905      -74.5959091      -57.4203148       95.9894257    
   95.9999924       16.9383450      -74.6170807      -57.6787376       94.6635208    
   96.0999985       16.9608212      -74.7337646      -57.7729454       94.7891388    
   96.1999893       16.8679180      -74.7167358      -57.8488235       94.2699280    
   96.2999954       16.3200016      -74.0681992      -57.7481956       91.2077789    
   96.4000015       16.9614563      -74.1143570      -57.1529045       94.7926865    
   96.4999924       16.8916340      -74.1916428      -57.3000107       94.4024734    
   96.5999985       16.5250530      -73.7292023      -57.2041512       92.3537521    
   96.6999893       17.2872677      -74.1398239      -56.8525581       96.6135483    
   96.7999954       17.2052841      -74.4789124      -57.2736282       96.1553726    
   96.9000015       17.0250645      -74.6235733      -57.5985069       95.1481781    
   96.9999924       16.7433891      -74.5167618      -57.7733688       93.5739746    
   97.0999908       16.5904388      -74.1273193      -57.5368843       92.7191772    
   97.1999969       17.6396370      -74.9888992      -57.3492584       98.5828476    
   97.3000031       16.6326771      -74.7262421      -58.0935669       92.9552383    
   97.4000015       16.8034515      -74.6425171      -57.8390617       93.9096375    
   97.5000000       16.7981720      -74.5318680      -57.7336922       93.8801422    
   97.6000061       16.5840302      -74.2119522      -57.6279221       92.6833649    
   97.6999969       16.4944916      -73.7861023      -57.2916069       92.1829529    
   97.8000031       17.0590973      -73.9521713      -56.8930740       95.3383713    
   97.9000015       17.3147469      -74.4187775      -57.1040306       96.7671280    
   98.0000000       16.9999008      -74.5181656      -57.5182686       95.0075455    
   98.1000061       16.7506218      -74.3677139      -57.6170921       93.6143951    
   98.1999969       16.7611523      -74.2637405      -57.5025902       93.6732407    
   98.3000031       16.7982769      -74.1530609      -57.3547821       93.8807220    
   98.4000092       16.9055004      -74.1809464      -57.2754478       94.4799576    
   98.5000000       17.0850239      -74.3537140      -57.2686844       95.4832764    
   98.6000061       17.0771446      -74.6144714      -57.5373306       95.4392395    
   98.6999969       16.4993858      -74.1799393      -57.6805534       92.2103043    
   98.7999954       16.7400684      -73.9761581      -57.2360916       93.5554199    
   98.9000092       17.1893425      -74.3267517      -57.1374130       96.0662766    
   99.0000000       16.6619434      -74.0559158      -57.3939705       93.1188049    
   99.0999985       17.5486469      -74.7783432      -57.2296982       98.0743256    
   99.1999969       16.9411602      -74.8415527      -57.9003906       94.6792603    
   99.3000031       16.7945442      -74.8083420      -58.0137939       93.8598709    
   99.4000092       16.2110577      -74.0433121      -57.8322563       90.5989227    
   99.5000000       17.3231773      -74.5108032      -57.1876221       96.8142395    
   99.5999985       16.3990726      -73.9257355      -57.5266609       91.6496887    
   99.6999969       17.3482437      -74.3927689      -57.0445251       96.9543304    
   99.8000031       17.3443527      -74.9001083      -57.5557518       96.9325867    
   99.9000015       16.9892254      -75.0520096      -58.0627861       94.9478836    
   100.000000       16.5598755      -74.6867142      -58.1268387       92.5483627    
